,Stimuli,Responses,Accuracy,Confidence,nTrial,Subject,Condition
0,0,0,1,4,0,0,0
1,1,1,1,4,1,0,0
2,0,1,0,4,2,0,0
3,1,0,0,1,3,0,0
4,1,1,1,2,4,0,0
5,1,0,0,3,5,0,0
6,0,1,0,2,6,0,0
7,0,1,0,2,7,0,0
8,1,1,1,4,8,0,0
9,0,1,0,2,9,0,0
10,1,1,1,1,10,0,0
11,0,0,1,2,11,0,0
12,0,0,1,3,12,0,0
13,0,1,0,1,13,0,0
14,0,0,1,4,14,0,0
15,0,0,1,4,15,0,0
16,1,1,1,1,16,0,0
17,1,1,1,3,17,0,0
18,1,1,1,3,18,0,0
19,1,0,0,2,19,0,0
20,0,1,0,2,20,0,0
21,1,1,1,4,21,0,0
22,0,1,0,2,22,0,0
23,0,0,1,2,23,0,0
24,1,1,1,4,24,0,0
25,1,1,1,2,25,0,0
26,1,1,1,4,26,0,0
27,0,1,0,2,27,0,0
28,0,0,1,2,28,0,0
29,1,1,1,1,29,0,0
30,1,0,0,1,30,0,0
31,1,1,1,4,31,0,0
32,0,0,1,3,32,0,0
33,0,1,0,1,33,0,0
34,1,1,1,3,34,0,0
35,1,1,1,3,35,0,0
36,1,1,1,2,36,0,0
37,0,0,1,1,37,0,0
38,0,0,1,2,38,0,0
39,0,0,1,1,39,0,0
40,1,1,1,4,40,0,0
41,0,0,1,2,41,0,0
42,0,0,1,3,42,0,0
43,0,1,0,1,43,0,0
44,1,1,1,2,44,0,0
45,1,0,0,1,45,0,0
46,0,0,1,1,46,0,0
47,1,1,1,3,47,0,0
48,0,1,0,4,48,0,0
49,1,1,1,2,49,0,0
50,1,1,1,2,50,0,0
51,0,0,1,2,51,0,0
52,1,0,0,2,52,0,0
53,1,1,1,1,53,0,0
54,1,1,1,3,54,0,0
55,0,1,0,1,55,0,0
56,0,0,1,2,56,0,0
57,0,0,1,2,57,0,0
58,1,1,1,1,58,0,0
59,0,0,1,2,59,0,0
60,0,0,1,3,60,0,0
61,1,1,1,4,61,0,0
62,1,1,1,2,62,0,0
63,0,0,1,1,63,0,0
64,1,1,1,2,64,0,0
65,0,0,1,4,65,0,0
66,0,0,1,2,66,0,0
67,1,1,1,1,67,0,0
68,0,0,1,4,68,0,0
69,0,0,1,3,69,0,0
70,0,1,0,4,70,0,0
71,0,1,0,2,71,0,0
72,1,0,0,1,72,0,0
73,1,1,1,1,73,0,0
74,1,1,1,1,74,0,0
75,0,0,1,3,75,0,0
76,0,1,0,1,76,0,0
77,0,0,1,2,77,0,0
78,1,0,0,1,78,0,0
79,1,1,1,3,79,0,0
80,1,0,0,2,80,0,0
81,1,1,1,3,81,0,0
82,0,0,1,4,82,0,0
83,1,1,1,2,83,0,0
84,0,0,1,1,84,0,0
85,0,1,0,2,85,0,0
86,1,0,0,3,86,0,0
87,1,0,0,1,87,0,0
88,0,0,1,2,88,0,0
89,1,0,0,4,89,0,0
90,1,1,1,2,90,0,0
91,0,0,1,2,91,0,0
92,1,1,1,2,92,0,0
93,1,1,1,4,93,0,0
94,0,1,0,3,94,0,0
95,1,1,1,2,95,0,0
96,1,0,0,1,96,0,0
97,0,0,1,4,97,0,0
98,0,1,0,3,98,0,0
99,0,0,1,2,99,0,0
100,1,0,0,1,0,0,1
101,1,1,1,1,1,0,1
102,0,0,1,2,2,0,1
103,0,0,1,3,3,0,1
104,1,1,1,3,4,0,1
105,0,0,1,1,5,0,1
106,1,1,1,1,6,0,1
107,0,1,0,3,7,0,1
108,0,1,0,1,8,0,1
109,1,0,0,1,9,0,1
110,1,0,0,1,10,0,1
111,0,0,1,1,11,0,1
112,1,1,1,1,12,0,1
113,0,0,1,1,13,0,1
114,0,0,1,3,14,0,1
115,1,0,0,1,15,0,1
116,0,0,1,4,16,0,1
117,1,1,1,4,17,0,1
118,0,1,0,2,18,0,1
119,1,0,0,1,19,0,1
120,0,0,1,1,20,0,1
121,1,1,1,1,21,0,1
122,0,0,1,2,22,0,1
123,0,0,1,2,23,0,1
124,1,1,1,4,24,0,1
125,1,0,0,3,25,0,1
126,0,0,1,3,26,0,1
127,1,1,1,1,27,0,1
128,1,1,1,3,28,0,1
129,0,0,1,2,29,0,1
130,0,0,1,3,30,0,1
131,0,1,0,1,31,0,1
132,0,0,1,2,32,0,1
133,1,0,0,2,33,0,1
134,0,0,1,1,34,0,1
135,1,0,0,1,35,0,1
136,0,1,0,1,36,0,1
137,1,1,1,2,37,0,1
138,1,1,1,2,38,0,1
139,0,0,1,3,39,0,1
140,1,0,0,3,40,0,1
141,1,0,0,1,41,0,1
142,0,1,0,1,42,0,1
143,0,0,1,4,43,0,1
144,0,0,1,4,44,0,1
145,1,0,0,3,45,0,1
146,1,1,1,2,46,0,1
147,1,1,1,3,47,0,1
148,0,0,1,2,48,0,1
149,1,1,1,1,49,0,1
150,0,1,0,1,50,0,1
151,1,0,0,1,51,0,1
152,1,1,1,4,52,0,1
153,1,1,1,3,53,0,1
154,1,1,1,1,54,0,1
155,1,0,0,1,55,0,1
156,1,1,1,1,56,0,1
157,1,1,1,3,57,0,1
158,0,0,1,1,58,0,1
159,0,1,0,1,59,0,1
160,1,1,1,3,60,0,1
161,0,0,1,1,61,0,1
162,1,1,1,1,62,0,1
163,1,1,1,1,63,0,1
164,0,1,0,1,64,0,1
165,1,1,1,3,65,0,1
166,0,0,1,2,66,0,1
167,1,1,1,3,67,0,1
168,0,0,1,1,68,0,1
169,0,0,1,3,69,0,1
170,0,0,1,2,70,0,1
171,1,1,1,2,71,0,1
172,1,1,1,2,72,0,1
173,1,1,1,1,73,0,1
174,0,0,1,4,74,0,1
175,0,0,1,2,75,0,1
176,1,1,1,3,76,0,1
177,0,1,0,1,77,0,1
178,0,0,1,4,78,0,1
179,1,1,1,4,79,0,1
180,0,0,1,2,80,0,1
181,0,1,0,4,81,0,1
182,0,1,0,2,82,0,1
183,0,0,1,4,83,0,1
184,1,1,1,2,84,0,1
185,0,1,0,1,85,0,1
186,1,0,0,4,86,0,1
187,1,1,1,1,87,0,1
188,1,0,0,1,88,0,1
189,0,0,1,1,89,0,1
190,0,0,1,1,90,0,1
191,0,1,0,2,91,0,1
192,1,1,1,3,92,0,1
193,1,1,1,3,93,0,1
194,0,0,1,4,94,0,1
195,0,0,1,1,95,0,1
196,1,0,0,4,96,0,1
197,0,0,1,1,97,0,1
198,0,0,1,2,98,0,1
199,1,1,1,3,99,0,1
200,0,0,1,3,0,1,0
201,1,0,0,2,1,1,0
202,1,1,1,3,2,1,0
203,1,1,1,4,3,1,0
204,0,1,0,1,4,1,0
205,1,0,0,2,5,1,0
206,0,0,1,3,6,1,0
207,0,1,0,2,7,1,0
208,1,1,1,4,8,1,0
209,0,0,1,2,9,1,0
210,1,1,1,1,10,1,0
211,1,0,0,2,11,1,0
212,0,1,0,1,12,1,0
213,0,1,0,1,13,1,0
214,1,1,1,1,14,1,0
215,1,1,1,2,15,1,0
216,0,0,1,1,16,1,0
217,0,0,1,3,17,1,0
218,1,1,1,3,18,1,0
219,1,1,1,2,19,1,0
220,1,1,1,3,20,1,0
221,0,0,1,3,21,1,0
222,1,0,0,1,22,1,0
223,0,0,1,1,23,1,0
224,0,1,0,2,24,1,0
225,0,1,0,1,25,1,0
226,0,0,1,1,26,1,0
227,0,0,1,4,27,1,0
228,0,0,1,1,28,1,0
229,1,0,0,1,29,1,0
230,1,1,1,2,30,1,0
231,1,1,1,2,31,1,0
232,1,1,1,2,32,1,0
233,1,1,1,1,33,1,0
234,0,0,1,1,34,1,0
235,1,0,0,2,35,1,0
236,1,1,1,2,36,1,0
237,0,1,0,1,37,1,0
238,1,1,1,3,38,1,0
239,0,1,0,3,39,1,0
240,1,1,1,2,40,1,0
241,1,1,1,4,41,1,0
242,1,1,1,2,42,1,0
243,0,0,1,2,43,1,0
244,0,0,1,2,44,1,0
245,1,1,1,3,45,1,0
246,0,0,1,4,46,1,0
247,1,1,1,4,47,1,0
248,0,0,1,1,48,1,0
249,1,1,1,4,49,1,0
250,1,1,1,1,50,1,0
251,0,0,1,1,51,1,0
252,1,1,1,2,52,1,0
253,0,1,0,1,53,1,0
254,0,1,0,2,54,1,0
255,1,0,0,1,55,1,0
256,1,0,0,3,56,1,0
257,0,1,0,3,57,1,0
258,1,1,1,4,58,1,0
259,0,0,1,3,59,1,0
260,0,1,0,1,60,1,0
261,1,1,1,3,61,1,0
262,1,1,1,3,62,1,0
263,0,0,1,2,63,1,0
264,0,1,0,2,64,1,0
265,1,1,1,1,65,1,0
266,1,1,1,4,66,1,0
267,0,0,1,1,67,1,0
268,1,0,0,1,68,1,0
269,0,0,1,3,69,1,0
270,0,0,1,1,70,1,0
271,0,0,1,4,71,1,0
272,1,0,0,1,72,1,0
273,1,1,1,2,73,1,0
274,0,0,1,3,74,1,0
275,1,0,0,3,75,1,0
276,1,1,1,4,76,1,0
277,0,0,1,1,77,1,0
278,0,1,0,4,78,1,0
279,0,0,1,4,79,1,0
280,0,0,1,1,80,1,0
281,0,0,1,2,81,1,0
282,0,0,1,3,82,1,0
283,1,1,1,2,83,1,0
284,1,1,1,1,84,1,0
285,0,0,1,2,85,1,0
286,1,1,1,4,86,1,0
287,1,1,1,2,87,1,0
288,1,0,0,2,88,1,0
289,1,1,1,2,89,1,0
290,0,0,1,1,90,1,0
291,0,0,1,4,91,1,0
292,1,1,1,2,92,1,0
293,0,1,0,2,93,1,0
294,0,0,1,3,94,1,0
295,0,0,1,4,95,1,0
296,1,1,1,4,96,1,0
297,1,0,0,1,97,1,0
298,0,0,1,1,98,1,0
299,0,0,1,2,99,1,0
300,1,1,1,4,0,1,1
301,1,1,1,2,1,1,1
302,0,1,0,1,2,1,1
303,0,0,1,2,3,1,1
304,1,1,1,2,4,1,1
305,1,1,1,1,5,1,1
306,1,1,1,4,6,1,1
307,1,1,1,4,7,1,1
308,0,1,0,2,8,1,1
309,0,1,0,2,9,1,1
310,0,0,1,1,10,1,1
311,1,1,1,4,11,1,1
312,0,1,0,2,12,1,1
313,0,1,0,1,13,1,1
314,0,0,1,4,14,1,1
315,0,0,1,3,15,1,1
316,1,1,1,2,16,1,1
317,1,1,1,2,17,1,1
318,1,1,1,1,18,1,1
319,0,1,0,2,19,1,1
320,1,0,0,1,20,1,1
321,1,1,1,3,21,1,1
322,1,1,1,4,22,1,1
323,0,1,0,2,23,1,1
324,1,1,1,4,24,1,1
325,1,1,1,1,25,1,1
326,1,0,0,1,26,1,1
327,1,0,0,3,27,1,1
328,0,0,1,3,28,1,1
329,1,1,1,3,29,1,1
330,0,1,0,1,30,1,1
331,1,1,1,3,31,1,1
332,1,1,1,1,32,1,1
333,1,1,1,4,33,1,1
334,0,0,1,1,34,1,1
335,0,0,1,1,35,1,1
336,1,1,1,1,36,1,1
337,1,1,1,3,37,1,1
338,0,1,0,3,38,1,1
339,0,1,0,3,39,1,1
340,1,1,1,1,40,1,1
341,1,0,0,2,41,1,1
342,1,0,0,1,42,1,1
343,1,1,1,1,43,1,1
344,1,0,0,1,44,1,1
345,0,0,1,1,45,1,1
346,0,1,0,3,46,1,1
347,0,0,1,1,47,1,1
348,0,0,1,2,48,1,1
349,0,1,0,1,49,1,1
350,1,1,1,3,50,1,1
351,0,0,1,1,51,1,1
352,0,0,1,3,52,1,1
353,0,0,1,1,53,1,1
354,0,0,1,3,54,1,1
355,1,0,0,1,55,1,1
356,0,1,0,2,56,1,1
357,0,0,1,3,57,1,1
358,0,0,1,2,58,1,1
359,1,0,0,1,59,1,1
360,0,1,0,3,60,1,1
361,0,0,1,2,61,1,1
362,1,1,1,3,62,1,1
363,0,0,1,1,63,1,1
364,1,1,1,2,64,1,1
365,0,0,1,3,65,1,1
366,0,0,1,2,66,1,1
367,0,0,1,3,67,1,1
368,0,0,1,3,68,1,1
369,1,1,1,1,69,1,1
370,1,1,1,3,70,1,1
371,0,0,1,2,71,1,1
372,0,0,1,1,72,1,1
373,1,1,1,3,73,1,1
374,0,1,0,1,74,1,1
375,1,1,1,4,75,1,1
376,1,1,1,2,76,1,1
377,0,0,1,1,77,1,1
378,1,1,1,2,78,1,1
379,0,1,0,2,79,1,1
380,1,0,0,4,80,1,1
381,0,0,1,1,81,1,1
382,1,1,1,2,82,1,1
383,0,0,1,3,83,1,1
384,1,1,1,2,84,1,1
385,1,0,0,2,85,1,1
386,0,0,1,3,86,1,1
387,1,1,1,2,87,1,1
388,0,1,0,1,88,1,1
389,1,1,1,4,89,1,1
390,0,1,0,3,90,1,1
391,0,0,1,3,91,1,1
392,1,1,1,3,92,1,1
393,0,0,1,3,93,1,1
394,1,0,0,1,94,1,1
395,0,0,1,4,95,1,1
396,0,1,0,3,96,1,1
397,1,1,1,1,97,1,1
398,1,1,1,3,98,1,1
399,1,0,0,1,99,1,1
400,1,0,0,2,0,2,0
401,1,1,1,2,1,2,0
402,1,1,1,3,2,2,0
403,0,0,1,1,3,2,0
404,1,1,1,1,4,2,0
405,1,0,0,1,5,2,0
406,1,1,1,4,6,2,0
407,0,0,1,4,7,2,0
408,1,1,1,1,8,2,0
409,1,1,1,1,9,2,0
410,0,0,1,2,10,2,0
411,1,0,0,1,11,2,0
412,0,0,1,3,12,2,0
413,1,1,1,1,13,2,0
414,1,1,1,1,14,2,0
415,0,0,1,1,15,2,0
416,1,1,1,1,16,2,0
417,1,1,1,3,17,2,0
418,0,0,1,1,18,2,0
419,0,0,1,4,19,2,0
420,1,1,1,4,20,2,0
421,0,0,1,1,21,2,0
422,0,1,0,1,22,2,0
423,0,1,0,2,23,2,0
424,0,0,1,2,24,2,0
425,1,1,1,2,25,2,0
426,0,0,1,1,26,2,0
427,1,1,1,3,27,2,0
428,0,0,1,3,28,2,0
429,1,0,0,2,29,2,0
430,0,1,0,2,30,2,0
431,1,0,0,1,31,2,0
432,1,1,1,4,32,2,0
433,1,1,1,2,33,2,0
434,1,0,0,1,34,2,0
435,0,1,0,2,35,2,0
436,0,1,0,2,36,2,0
437,1,1,1,2,37,2,0
438,0,1,0,3,38,2,0
439,0,1,0,3,39,2,0
440,0,0,1,1,40,2,0
441,1,1,1,4,41,2,0
442,1,1,1,2,42,2,0
443,0,0,1,2,43,2,0
444,0,1,0,1,44,2,0
445,1,0,0,2,45,2,0
446,0,1,0,1,46,2,0
447,0,1,0,2,47,2,0
448,0,0,1,2,48,2,0
449,0,0,1,1,49,2,0
450,0,0,1,2,50,2,0
451,0,1,0,1,51,2,0
452,1,1,1,1,52,2,0
453,1,1,1,3,53,2,0
454,0,0,1,1,54,2,0
455,1,1,1,4,55,2,0
456,1,1,1,2,56,2,0
457,0,1,0,2,57,2,0
458,1,0,0,1,58,2,0
459,1,1,1,4,59,2,0
460,0,0,1,1,60,2,0
461,1,0,0,2,61,2,0
462,0,1,0,4,62,2,0
463,1,1,1,2,63,2,0
464,0,0,1,1,64,2,0
465,1,1,1,4,65,2,0
466,1,1,1,2,66,2,0
467,0,0,1,2,67,2,0
468,0,1,0,4,68,2,0
469,0,0,1,1,69,2,0
470,1,1,1,1,70,2,0
471,1,0,0,3,71,2,0
472,1,0,0,1,72,2,0
473,0,0,1,3,73,2,0
474,0,0,1,4,74,2,0
475,1,0,0,3,75,2,0
476,0,0,1,1,76,2,0
477,0,1,0,1,77,2,0
478,1,0,0,1,78,2,0
479,1,1,1,1,79,2,0
480,1,1,1,3,80,2,0
481,0,0,1,2,81,2,0
482,1,1,1,3,82,2,0
483,1,0,0,3,83,2,0
484,1,1,1,3,84,2,0
485,0,0,1,1,85,2,0
486,1,0,0,1,86,2,0
487,1,1,1,4,87,2,0
488,0,0,1,2,88,2,0
489,0,1,0,2,89,2,0
490,0,0,1,3,90,2,0
491,0,0,1,4,91,2,0
492,1,1,1,1,92,2,0
493,0,0,1,1,93,2,0
494,0,0,1,3,94,2,0
495,0,1,0,1,95,2,0
496,1,1,1,4,96,2,0
497,1,0,0,1,97,2,0
498,0,1,0,2,98,2,0
499,0,0,1,3,99,2,0
500,1,1,1,2,0,2,1
501,0,0,1,1,1,2,1
502,1,1,1,4,2,2,1
503,0,0,1,4,3,2,1
504,1,1,1,4,4,2,1
505,1,1,1,4,5,2,1
506,1,0,0,4,6,2,1
507,1,1,1,2,7,2,1
508,1,0,0,2,8,2,1
509,1,0,0,1,9,2,1
510,1,0,0,4,10,2,1
511,1,1,1,4,11,2,1
512,0,0,1,1,12,2,1
513,0,0,1,3,13,2,1
514,0,0,1,2,14,2,1
515,0,1,0,2,15,2,1
516,0,0,1,1,16,2,1
517,0,0,1,4,17,2,1
518,0,1,0,1,18,2,1
519,1,1,1,2,19,2,1
520,1,0,0,1,20,2,1
521,0,0,1,3,21,2,1
522,1,1,1,1,22,2,1
523,1,1,1,3,23,2,1
524,1,0,0,1,24,2,1
525,1,0,0,4,25,2,1
526,0,0,1,2,26,2,1
527,1,1,1,1,27,2,1
528,1,1,1,1,28,2,1
529,1,1,1,4,29,2,1
530,0,0,1,2,30,2,1
531,1,1,1,4,31,2,1
532,0,0,1,2,32,2,1
533,0,1,0,2,33,2,1
534,0,1,0,1,34,2,1
535,1,0,0,1,35,2,1
536,0,0,1,2,36,2,1
537,1,1,1,1,37,2,1
538,1,1,1,2,38,2,1
539,0,0,1,3,39,2,1
540,0,0,1,2,40,2,1
541,1,1,1,1,41,2,1
542,0,0,1,3,42,2,1
543,0,0,1,3,43,2,1
544,0,0,1,3,44,2,1
545,0,0,1,1,45,2,1
546,1,1,1,2,46,2,1
547,1,1,1,3,47,2,1
548,1,1,1,3,48,2,1
549,1,0,0,3,49,2,1
550,1,1,1,1,50,2,1
551,1,1,1,2,51,2,1
552,1,0,0,1,52,2,1
553,1,1,1,3,53,2,1
554,0,1,0,3,54,2,1
555,1,1,1,4,55,2,1
556,0,0,1,4,56,2,1
557,1,1,1,4,57,2,1
558,0,1,0,2,58,2,1
559,1,1,1,2,59,2,1
560,1,1,1,3,60,2,1
561,0,1,0,1,61,2,1
562,0,1,0,2,62,2,1
563,0,1,0,4,63,2,1
564,0,0,1,1,64,2,1
565,0,1,0,2,65,2,1
566,0,1,0,1,66,2,1
567,0,0,1,1,67,2,1
568,0,0,1,1,68,2,1
569,1,1,1,3,69,2,1
570,0,0,1,4,70,2,1
571,0,0,1,4,71,2,1
572,1,1,1,2,72,2,1
573,0,0,1,1,73,2,1
574,1,1,1,3,74,2,1
575,0,0,1,2,75,2,1
576,0,0,1,3,76,2,1
577,0,0,1,3,77,2,1
578,0,1,0,4,78,2,1
579,1,1,1,2,79,2,1
580,0,1,0,4,80,2,1
581,0,0,1,1,81,2,1
582,1,1,1,2,82,2,1
583,1,1,1,1,83,2,1
584,1,1,1,2,84,2,1
585,0,1,0,2,85,2,1
586,1,0,0,2,86,2,1
587,1,1,1,2,87,2,1
588,0,0,1,4,88,2,1
589,0,0,1,4,89,2,1
590,1,0,0,1,90,2,1
591,1,1,1,1,91,2,1
592,0,0,1,3,92,2,1
593,1,0,0,3,93,2,1
594,1,0,0,1,94,2,1
595,0,1,0,1,95,2,1
596,0,0,1,4,96,2,1
597,0,0,1,1,97,2,1
598,0,1,0,4,98,2,1
599,1,0,0,1,99,2,1
600,0,0,1,1,0,3,0
601,0,0,1,4,1,3,0
602,0,0,1,2,2,3,0
603,0,0,1,3,3,3,0
604,1,1,1,3,4,3,0
605,1,1,1,3,5,3,0
606,0,1,0,2,6,3,0
607,0,0,1,2,7,3,0
608,1,1,1,4,8,3,0
609,1,0,0,2,9,3,0
610,1,0,0,1,10,3,0
611,1,0,0,2,11,3,0
612,0,0,1,1,12,3,0
613,1,1,1,4,13,3,0
614,1,1,1,3,14,3,0
615,1,1,1,2,15,3,0
616,0,0,1,2,16,3,0
617,1,1,1,4,17,3,0
618,0,0,1,4,18,3,0
619,1,0,0,1,19,3,0
620,0,0,1,4,20,3,0
621,0,0,1,3,21,3,0
622,1,1,1,3,22,3,0
623,1,0,0,2,23,3,0
624,0,1,0,4,24,3,0
625,1,1,1,2,25,3,0
626,1,0,0,1,26,3,0
627,1,1,1,4,27,3,0
628,0,0,1,1,28,3,0
629,0,1,0,2,29,3,0
630,0,0,1,1,30,3,0
631,1,1,1,4,31,3,0
632,1,0,0,2,32,3,0
633,1,0,0,2,33,3,0
634,0,1,0,1,34,3,0
635,1,1,1,2,35,3,0
636,1,0,0,1,36,3,0
637,0,0,1,4,37,3,0
638,0,0,1,3,38,3,0
639,0,0,1,4,39,3,0
640,0,0,1,3,40,3,0
641,0,1,0,1,41,3,0
642,0,0,1,1,42,3,0
643,0,0,1,4,43,3,0
644,1,0,0,1,44,3,0
645,0,0,1,3,45,3,0
646,0,0,1,1,46,3,0
647,1,1,1,2,47,3,0
648,1,1,1,4,48,3,0
649,1,1,1,2,49,3,0
650,1,1,1,1,50,3,0
651,1,1,1,1,51,3,0
652,0,0,1,3,52,3,0
653,1,1,1,4,53,3,0
654,1,0,0,2,54,3,0
655,0,0,1,1,55,3,0
656,1,1,1,3,56,3,0
657,0,1,0,3,57,3,0
658,1,1,1,4,58,3,0
659,0,0,1,4,59,3,0
660,0,0,1,3,60,3,0
661,0,0,1,2,61,3,0
662,0,0,1,1,62,3,0
663,0,0,1,4,63,3,0
664,0,0,1,4,64,3,0
665,0,1,0,2,65,3,0
666,1,1,1,3,66,3,0
667,0,0,1,4,67,3,0
668,1,0,0,3,68,3,0
669,1,1,1,2,69,3,0
670,0,1,0,2,70,3,0
671,0,1,0,1,71,3,0
672,0,0,1,1,72,3,0
673,0,1,0,1,73,3,0
674,1,1,1,3,74,3,0
675,1,0,0,1,75,3,0
676,1,1,1,4,76,3,0
677,1,1,1,2,77,3,0
678,1,1,1,4,78,3,0
679,0,1,0,4,79,3,0
680,1,1,1,4,80,3,0
681,1,1,1,4,81,3,0
682,0,0,1,1,82,3,0
683,1,1,1,4,83,3,0
684,1,1,1,4,84,3,0
685,0,0,1,3,85,3,0
686,0,1,0,1,86,3,0
687,1,1,1,4,87,3,0
688,1,1,1,4,88,3,0
689,1,1,1,4,89,3,0
690,0,1,0,4,90,3,0
691,0,1,0,3,91,3,0
692,1,1,1,1,92,3,0
693,1,1,1,3,93,3,0
694,0,0,1,2,94,3,0
695,1,1,1,1,95,3,0
696,1,0,0,1,96,3,0
697,0,0,1,4,97,3,0
698,0,1,0,2,98,3,0
699,0,0,1,3,99,3,0
700,1,1,1,1,0,3,1
701,1,1,1,4,1,3,1
702,1,0,0,1,2,3,1
703,1,1,1,3,3,3,1
704,0,0,1,2,4,3,1
705,0,1,0,1,5,3,1
706,1,1,1,1,6,3,1
707,0,0,1,3,7,3,1
708,1,0,0,2,8,3,1
709,0,1,0,2,9,3,1
710,0,0,1,1,10,3,1
711,1,1,1,2,11,3,1
712,0,0,1,3,12,3,1
713,0,1,0,4,13,3,1
714,1,0,0,3,14,3,1
715,1,1,1,1,15,3,1
716,0,0,1,1,16,3,1
717,1,0,0,1,17,3,1
718,0,0,1,2,18,3,1
719,0,1,0,3,19,3,1
720,1,0,0,1,20,3,1
721,0,0,1,1,21,3,1
722,0,1,0,1,22,3,1
723,1,0,0,2,23,3,1
724,1,1,1,1,24,3,1
725,1,0,0,1,25,3,1
726,0,0,1,1,26,3,1
727,0,1,0,1,27,3,1
728,1,0,0,2,28,3,1
729,1,1,1,4,29,3,1
730,1,1,1,3,30,3,1
731,0,1,0,1,31,3,1
732,1,0,0,2,32,3,1
733,0,0,1,1,33,3,1
734,0,1,0,2,34,3,1
735,1,1,1,4,35,3,1
736,1,1,1,1,36,3,1
737,0,0,1,3,37,3,1
738,1,1,1,1,38,3,1
739,1,0,0,1,39,3,1
740,0,0,1,4,40,3,1
741,0,0,1,1,41,3,1
742,1,1,1,1,42,3,1
743,0,1,0,1,43,3,1
744,1,1,1,4,44,3,1
745,0,1,0,2,45,3,1
746,0,1,0,1,46,3,1
747,1,1,1,2,47,3,1
748,0,0,1,1,48,3,1
749,0,0,1,3,49,3,1
750,1,1,1,4,50,3,1
751,0,0,1,4,51,3,1
752,0,1,0,2,52,3,1
753,1,1,1,2,53,3,1
754,0,0,1,3,54,3,1
755,1,1,1,4,55,3,1
756,1,0,0,3,56,3,1
757,0,0,1,4,57,3,1
758,1,1,1,2,58,3,1
759,0,0,1,1,59,3,1
760,0,0,1,4,60,3,1
761,0,0,1,3,61,3,1
762,0,1,0,1,62,3,1
763,1,1,1,1,63,3,1
764,0,0,1,3,64,3,1
765,0,0,1,1,65,3,1
766,1,0,0,2,66,3,1
767,1,1,1,2,67,3,1
768,1,1,1,1,68,3,1
769,1,1,1,4,69,3,1
770,1,1,1,1,70,3,1
771,0,1,0,4,71,3,1
772,1,1,1,4,72,3,1
773,0,0,1,4,73,3,1
774,1,1,1,3,74,3,1
775,1,0,0,2,75,3,1
776,0,0,1,2,76,3,1
777,0,0,1,3,77,3,1
778,0,0,1,3,78,3,1
779,0,1,0,1,79,3,1
780,0,0,1,1,80,3,1
781,0,0,1,4,81,3,1
782,0,0,1,3,82,3,1
783,1,1,1,1,83,3,1
784,1,1,1,4,84,3,1
785,1,0,0,2,85,3,1
786,0,0,1,4,86,3,1
787,1,0,0,2,87,3,1
788,0,0,1,3,88,3,1
789,1,0,0,2,89,3,1
790,1,1,1,1,90,3,1
791,0,0,1,2,91,3,1
792,0,0,1,1,92,3,1
793,0,0,1,3,93,3,1
794,1,1,1,1,94,3,1
795,1,1,1,1,95,3,1
796,1,1,1,1,96,3,1
797,0,0,1,1,97,3,1
798,1,0,0,1,98,3,1
799,1,1,1,2,99,3,1
800,0,1,0,1,0,4,0
801,0,1,0,4,1,4,0
802,0,0,1,1,2,4,0
803,1,1,1,2,3,4,0
804,1,1,1,1,4,4,0
805,1,1,1,4,5,4,0
806,1,0,0,2,6,4,0
807,1,0,0,1,7,4,0
808,0,0,1,1,8,4,0
809,1,0,0,4,9,4,0
810,0,1,0,1,10,4,0
811,1,0,0,2,11,4,0
812,0,0,1,4,12,4,0
813,0,0,1,4,13,4,0
814,0,0,1,4,14,4,0
815,0,0,1,4,15,4,0
816,0,0,1,1,16,4,0
817,1,1,1,2,17,4,0
818,0,0,1,1,18,4,0
819,0,1,0,4,19,4,0
820,1,1,1,1,20,4,0
821,0,1,0,4,21,4,0
822,1,1,1,1,22,4,0
823,0,0,1,2,23,4,0
824,0,0,1,1,24,4,0
825,0,0,1,4,25,4,0
826,1,1,1,1,26,4,0
827,0,1,0,2,27,4,0
828,1,1,1,2,28,4,0
829,0,1,0,1,29,4,0
830,1,1,1,4,30,4,0
831,0,0,1,2,31,4,0
832,1,0,0,3,32,4,0
833,1,1,1,1,33,4,0
834,1,1,1,3,34,4,0
835,1,0,0,2,35,4,0
836,1,0,0,1,36,4,0
837,1,1,1,3,37,4,0
838,0,0,1,1,38,4,0
839,1,0,0,1,39,4,0
840,0,0,1,3,40,4,0
841,0,0,1,4,41,4,0
842,1,1,1,2,42,4,0
843,1,1,1,2,43,4,0
844,1,1,1,3,44,4,0
845,1,0,0,1,45,4,0
846,1,1,1,2,46,4,0
847,1,1,1,4,47,4,0
848,1,0,0,2,48,4,0
849,0,0,1,3,49,4,0
850,0,0,1,4,50,4,0
851,0,0,1,3,51,4,0
852,1,1,1,1,52,4,0
853,1,1,1,2,53,4,0
854,1,1,1,2,54,4,0
855,1,0,0,1,55,4,0
856,1,1,1,2,56,4,0
857,0,1,0,1,57,4,0
858,1,1,1,4,58,4,0
859,1,1,1,2,59,4,0
860,0,0,1,3,60,4,0
861,0,0,1,2,61,4,0
862,0,1,0,2,62,4,0
863,0,0,1,2,63,4,0
864,0,0,1,1,64,4,0
865,0,1,0,1,65,4,0
866,1,1,1,1,66,4,0
867,0,1,0,3,67,4,0
868,0,0,1,1,68,4,0
869,0,1,0,2,69,4,0
870,0,0,1,4,70,4,0
871,1,1,1,4,71,4,0
872,1,1,1,4,72,4,0
873,0,1,0,1,73,4,0
874,0,0,1,2,74,4,0
875,1,1,1,2,75,4,0
876,0,0,1,3,76,4,0
877,0,0,1,1,77,4,0
878,1,1,1,4,78,4,0
879,1,1,1,4,79,4,0
880,0,1,0,2,80,4,0
881,0,0,1,2,81,4,0
882,0,0,1,3,82,4,0
883,1,1,1,2,83,4,0
884,1,1,1,1,84,4,0
885,1,0,0,3,85,4,0
886,1,1,1,3,86,4,0
887,1,1,1,2,87,4,0
888,1,0,0,1,88,4,0
889,0,0,1,4,89,4,0
890,1,1,1,4,90,4,0
891,0,0,1,3,91,4,0
892,0,0,1,1,92,4,0
893,1,1,1,3,93,4,0
894,0,0,1,1,94,4,0
895,1,1,1,1,95,4,0
896,0,1,0,1,96,4,0
897,0,1,0,2,97,4,0
898,0,1,0,3,98,4,0
899,1,0,0,1,99,4,0
900,1,0,0,1,0,4,1
901,0,0,1,1,1,4,1
902,1,0,0,1,2,4,1
903,1,1,1,2,3,4,1
904,1,1,1,2,4,4,1
905,1,1,1,3,5,4,1
906,0,0,1,1,6,4,1
907,1,1,1,1,7,4,1
908,1,1,1,2,8,4,1
909,1,1,1,1,9,4,1
910,1,1,1,1,10,4,1
911,0,0,1,4,11,4,1
912,0,0,1,3,12,4,1
913,1,0,0,1,13,4,1
914,1,1,1,2,14,4,1
915,0,1,0,1,15,4,1
916,0,1,0,2,16,4,1
917,0,1,0,1,17,4,1
918,0,1,0,2,18,4,1
919,0,0,1,2,19,4,1
920,0,0,1,3,20,4,1
921,1,0,0,2,21,4,1
922,0,0,1,1,22,4,1
923,0,0,1,3,23,4,1
924,1,0,0,3,24,4,1
925,1,1,1,1,25,4,1
926,0,0,1,4,26,4,1
927,1,1,1,1,27,4,1
928,0,0,1,2,28,4,1
929,0,1,0,1,29,4,1
930,1,1,1,2,30,4,1
931,1,0,0,1,31,4,1
932,0,0,1,1,32,4,1
933,1,1,1,3,33,4,1
934,0,1,0,1,34,4,1
935,1,1,1,2,35,4,1
936,1,1,1,2,36,4,1
937,0,0,1,2,37,4,1
938,0,1,0,2,38,4,1
939,1,0,0,2,39,4,1
940,1,1,1,1,40,4,1
941,1,1,1,1,41,4,1
942,1,0,0,1,42,4,1
943,0,1,0,1,43,4,1
944,0,0,1,1,44,4,1
945,1,1,1,3,45,4,1
946,0,0,1,2,46,4,1
947,1,1,1,3,47,4,1
948,1,0,0,2,48,4,1
949,1,1,1,1,49,4,1
950,1,1,1,1,50,4,1
951,1,1,1,2,51,4,1
952,1,0,0,3,52,4,1
953,1,1,1,1,53,4,1
954,0,1,0,1,54,4,1
955,1,1,1,3,55,4,1
956,1,0,0,1,56,4,1
957,0,0,1,2,57,4,1
958,0,0,1,2,58,4,1
959,1,1,1,1,59,4,1
960,0,0,1,1,60,4,1
961,0,1,0,1,61,4,1
962,0,0,1,1,62,4,1
963,0,1,0,4,63,4,1
964,0,0,1,2,64,4,1
965,0,0,1,2,65,4,1
966,0,0,1,1,66,4,1
967,0,0,1,4,67,4,1
968,0,0,1,3,68,4,1
969,1,0,0,1,69,4,1
970,1,0,0,2,70,4,1
971,1,1,1,1,71,4,1
972,0,1,0,1,72,4,1
973,0,0,1,2,73,4,1
974,0,1,0,1,74,4,1
975,1,0,0,1,75,4,1
976,1,1,1,4,76,4,1
977,0,0,1,2,77,4,1
978,1,1,1,3,78,4,1
979,1,0,0,3,79,4,1
980,0,0,1,2,80,4,1
981,1,0,0,2,81,4,1
982,1,1,1,3,82,4,1
983,0,1,0,1,83,4,1
984,0,0,1,1,84,4,1
985,0,0,1,2,85,4,1
986,1,1,1,1,86,4,1
987,1,1,1,3,87,4,1
988,1,0,0,2,88,4,1
989,0,0,1,3,89,4,1
990,0,1,0,2,90,4,1
991,0,0,1,1,91,4,1
992,0,0,1,2,92,4,1
993,0,0,1,2,93,4,1
994,1,0,0,2,94,4,1
995,1,1,1,2,95,4,1
996,0,1,0,2,96,4,1
997,1,1,1,2,97,4,1
998,0,0,1,4,98,4,1
999,0,0,1,1,99,4,1
1000,0,0,1,4,0,5,0
1001,1,1,1,4,1,5,0
1002,1,1,1,1,2,5,0
1003,0,0,1,2,3,5,0
1004,0,0,1,4,4,5,0
1005,0,1,0,1,5,5,0
1006,1,1,1,2,6,5,0
1007,1,0,0,2,7,5,0
1008,1,1,1,4,8,5,0
1009,0,0,1,1,9,5,0
1010,1,1,1,4,10,5,0
1011,0,1,0,2,11,5,0
1012,0,1,0,1,12,5,0
1013,1,0,0,2,13,5,0
1014,0,0,1,4,14,5,0
1015,1,1,1,1,15,5,0
1016,0,0,1,3,16,5,0
1017,0,0,1,1,17,5,0
1018,0,0,1,3,18,5,0
1019,1,1,1,2,19,5,0
1020,0,1,0,2,20,5,0
1021,1,1,1,2,21,5,0
1022,1,1,1,2,22,5,0
1023,0,1,0,2,23,5,0
1024,0,0,1,2,24,5,0
1025,0,1,0,2,25,5,0
1026,1,1,1,1,26,5,0
1027,1,1,1,4,27,5,0
1028,0,0,1,4,28,5,0
1029,1,1,1,1,29,5,0
1030,0,1,0,4,30,5,0
1031,1,1,1,2,31,5,0
1032,0,1,0,1,32,5,0
1033,1,1,1,3,33,5,0
1034,1,0,0,1,34,5,0
1035,0,0,1,1,35,5,0
1036,0,1,0,2,36,5,0
1037,0,0,1,4,37,5,0
1038,0,0,1,3,38,5,0
1039,0,0,1,4,39,5,0
1040,1,1,1,3,40,5,0
1041,0,1,0,1,41,5,0
1042,0,0,1,4,42,5,0
1043,0,0,1,3,43,5,0
1044,0,1,0,2,44,5,0
1045,0,0,1,2,45,5,0
1046,1,0,0,2,46,5,0
1047,1,0,0,1,47,5,0
1048,1,1,1,1,48,5,0
1049,1,1,1,1,49,5,0
1050,0,1,0,1,50,5,0
1051,1,1,1,2,51,5,0
1052,1,1,1,2,52,5,0
1053,1,1,1,3,53,5,0
1054,1,1,1,1,54,5,0
1055,0,0,1,2,55,5,0
1056,0,0,1,3,56,5,0
1057,1,1,1,1,57,5,0
1058,0,1,0,1,58,5,0
1059,1,0,0,1,59,5,0
1060,1,0,0,1,60,5,0
1061,0,0,1,2,61,5,0
1062,0,0,1,2,62,5,0
1063,1,1,1,1,63,5,0
1064,0,0,1,1,64,5,0
1065,0,0,1,1,65,5,0
1066,1,1,1,3,66,5,0
1067,0,0,1,1,67,5,0
1068,0,1,0,3,68,5,0
1069,1,1,1,1,69,5,0
1070,0,1,0,3,70,5,0
1071,1,1,1,3,71,5,0
1072,1,0,0,4,72,5,0
1073,1,1,1,3,73,5,0
1074,1,0,0,1,74,5,0
1075,0,1,0,1,75,5,0
1076,0,0,1,3,76,5,0
1077,0,1,0,2,77,5,0
1078,1,0,0,1,78,5,0
1079,0,0,1,4,79,5,0
1080,1,0,0,1,80,5,0
1081,1,1,1,3,81,5,0
1082,1,1,1,2,82,5,0
1083,0,0,1,3,83,5,0
1084,1,1,1,1,84,5,0
1085,1,1,1,3,85,5,0
1086,1,1,1,1,86,5,0
1087,0,0,1,2,87,5,0
1088,1,1,1,3,88,5,0
1089,1,0,0,1,89,5,0
1090,0,0,1,1,90,5,0
1091,1,1,1,4,91,5,0
1092,1,1,1,1,92,5,0
1093,1,0,0,4,93,5,0
1094,1,0,0,1,94,5,0
1095,0,0,1,2,95,5,0
1096,1,1,1,2,96,5,0
1097,0,0,1,3,97,5,0
1098,0,0,1,4,98,5,0
1099,0,1,0,2,99,5,0
1100,0,0,1,2,0,5,1
1101,1,0,0,3,1,5,1
1102,0,0,1,3,2,5,1
1103,1,0,0,4,3,5,1
1104,1,0,0,2,4,5,1
1105,0,0,1,3,5,5,1
1106,1,0,0,2,6,5,1
1107,0,0,1,1,7,5,1
1108,0,0,1,1,8,5,1
1109,1,1,1,1,9,5,1
1110,1,0,0,1,10,5,1
1111,0,0,1,1,11,5,1
1112,0,0,1,3,12,5,1
1113,0,0,1,2,13,5,1
1114,0,0,1,3,14,5,1
1115,1,1,1,2,15,5,1
1116,0,1,0,1,16,5,1
1117,0,1,0,1,17,5,1
1118,1,0,0,1,18,5,1
1119,1,0,0,2,19,5,1
1120,1,1,1,2,20,5,1
1121,1,0,0,3,21,5,1
1122,0,0,1,4,22,5,1
1123,0,0,1,2,23,5,1
1124,1,1,1,4,24,5,1
1125,1,0,0,1,25,5,1
1126,0,0,1,2,26,5,1
1127,1,1,1,1,27,5,1
1128,1,1,1,3,28,5,1
1129,0,0,1,4,29,5,1
1130,1,0,0,4,30,5,1
1131,1,1,1,1,31,5,1
1132,1,1,1,1,32,5,1
1133,1,1,1,1,33,5,1
1134,0,0,1,4,34,5,1
1135,0,0,1,3,35,5,1
1136,1,1,1,4,36,5,1
1137,0,0,1,1,37,5,1
1138,0,0,1,2,38,5,1
1139,1,0,0,1,39,5,1
1140,1,1,1,2,40,5,1
1141,0,1,0,1,41,5,1
1142,0,0,1,3,42,5,1
1143,0,0,1,2,43,5,1
1144,1,1,1,2,44,5,1
1145,0,1,0,2,45,5,1
1146,0,0,1,3,46,5,1
1147,0,0,1,1,47,5,1
1148,0,0,1,2,48,5,1
1149,1,0,0,2,49,5,1
1150,0,0,1,3,50,5,1
1151,1,1,1,2,51,5,1
1152,0,1,0,1,52,5,1
1153,0,0,1,2,53,5,1
1154,0,0,1,3,54,5,1
1155,1,1,1,2,55,5,1
1156,0,0,1,3,56,5,1
1157,1,0,0,1,57,5,1
1158,1,0,0,1,58,5,1
1159,1,1,1,3,59,5,1
1160,1,1,1,1,60,5,1
1161,0,0,1,3,61,5,1
1162,0,1,0,1,62,5,1
1163,1,1,1,2,63,5,1
1164,0,0,1,3,64,5,1
1165,1,1,1,2,65,5,1
1166,0,0,1,4,66,5,1
1167,1,1,1,2,67,5,1
1168,0,1,0,2,68,5,1
1169,0,0,1,1,69,5,1
1170,0,0,1,1,70,5,1
1171,1,1,1,1,71,5,1
1172,0,1,0,1,72,5,1
1173,0,1,0,3,73,5,1
1174,1,1,1,1,74,5,1
1175,1,0,0,2,75,5,1
1176,0,0,1,1,76,5,1
1177,0,1,0,2,77,5,1
1178,1,1,1,3,78,5,1
1179,1,0,0,2,79,5,1
1180,1,1,1,1,80,5,1
1181,1,1,1,1,81,5,1
1182,1,1,1,4,82,5,1
1183,1,1,1,1,83,5,1
1184,1,1,1,4,84,5,1
1185,0,0,1,1,85,5,1
1186,1,1,1,1,86,5,1
1187,0,1,0,1,87,5,1
1188,0,1,0,2,88,5,1
1189,1,1,1,3,89,5,1
1190,1,0,0,2,90,5,1
1191,1,1,1,2,91,5,1
1192,0,0,1,4,92,5,1
1193,0,0,1,4,93,5,1
1194,1,0,0,2,94,5,1
1195,1,1,1,2,95,5,1
1196,0,1,0,1,96,5,1
1197,0,0,1,1,97,5,1
1198,1,0,0,1,98,5,1
1199,0,0,1,4,99,5,1
1200,0,0,1,4,0,6,0
1201,1,0,0,3,1,6,0
1202,1,0,0,3,2,6,0
1203,1,0,0,1,3,6,0
1204,0,0,1,3,4,6,0
1205,1,1,1,1,5,6,0
1206,0,1,0,2,6,6,0
1207,0,0,1,3,7,6,0
1208,0,1,0,2,8,6,0
1209,1,0,0,2,9,6,0
1210,0,1,0,2,10,6,0
1211,0,1,0,1,11,6,0
1212,1,1,1,2,12,6,0
1213,1,1,1,1,13,6,0
1214,1,1,1,2,14,6,0
1215,1,1,1,2,15,6,0
1216,1,1,1,3,16,6,0
1217,1,0,0,3,17,6,0
1218,1,0,0,3,18,6,0
1219,1,0,0,3,19,6,0
1220,0,0,1,3,20,6,0
1221,0,0,1,2,21,6,0
1222,0,0,1,2,22,6,0
1223,0,0,1,3,23,6,0
1224,1,1,1,3,24,6,0
1225,0,0,1,4,25,6,0
1226,0,0,1,3,26,6,0
1227,1,0,0,3,27,6,0
1228,1,1,1,2,28,6,0
1229,0,0,1,2,29,6,0
1230,1,1,1,3,30,6,0
1231,0,0,1,4,31,6,0
1232,1,0,0,2,32,6,0
1233,1,1,1,3,33,6,0
1234,1,1,1,2,34,6,0
1235,0,0,1,3,35,6,0
1236,1,1,1,2,36,6,0
1237,0,0,1,3,37,6,0
1238,0,1,0,1,38,6,0
1239,1,1,1,3,39,6,0
1240,1,1,1,1,40,6,0
1241,0,0,1,3,41,6,0
1242,0,0,1,3,42,6,0
1243,0,1,0,2,43,6,0
1244,0,0,1,2,44,6,0
1245,0,0,1,3,45,6,0
1246,0,0,1,4,46,6,0
1247,0,0,1,4,47,6,0
1248,1,1,1,4,48,6,0
1249,0,1,0,1,49,6,0
1250,0,0,1,3,50,6,0
1251,1,1,1,1,51,6,0
1252,1,0,0,1,52,6,0
1253,1,0,0,1,53,6,0
1254,1,1,1,2,54,6,0
1255,1,0,0,2,55,6,0
1256,0,0,1,1,56,6,0
1257,0,0,1,2,57,6,0
1258,0,1,0,1,58,6,0
1259,0,0,1,2,59,6,0
1260,0,0,1,2,60,6,0
1261,1,1,1,1,61,6,0
1262,1,1,1,3,62,6,0
1263,0,0,1,3,63,6,0
1264,1,0,0,2,64,6,0
1265,1,0,0,2,65,6,0
1266,1,0,0,4,66,6,0
1267,0,0,1,3,67,6,0
1268,0,0,1,2,68,6,0
1269,1,1,1,3,69,6,0
1270,1,1,1,3,70,6,0
1271,0,0,1,4,71,6,0
1272,1,1,1,1,72,6,0
1273,0,0,1,4,73,6,0
1274,0,0,1,1,74,6,0
1275,0,1,0,2,75,6,0
1276,0,1,0,3,76,6,0
1277,1,1,1,3,77,6,0
1278,1,1,1,1,78,6,0
1279,1,1,1,1,79,6,0
1280,1,0,0,1,80,6,0
1281,1,1,1,3,81,6,0
1282,1,1,1,3,82,6,0
1283,1,0,0,1,83,6,0
1284,0,0,1,2,84,6,0
1285,0,0,1,1,85,6,0
1286,1,1,1,3,86,6,0
1287,0,0,1,3,87,6,0
1288,0,0,1,2,88,6,0
1289,0,1,0,2,89,6,0
1290,0,1,0,1,90,6,0
1291,0,0,1,4,91,6,0
1292,1,1,1,1,92,6,0
1293,1,1,1,3,93,6,0
1294,1,1,1,1,94,6,0
1295,1,0,0,1,95,6,0
1296,0,0,1,1,96,6,0
1297,1,1,1,2,97,6,0
1298,0,1,0,1,98,6,0
1299,0,0,1,4,99,6,0
1300,1,0,0,3,0,6,1
1301,1,1,1,1,1,6,1
1302,0,0,1,2,2,6,1
1303,1,1,1,2,3,6,1
1304,1,0,0,1,4,6,1
1305,1,0,0,2,5,6,1
1306,1,1,1,1,6,6,1
1307,0,0,1,4,7,6,1
1308,0,1,0,1,8,6,1
1309,1,1,1,3,9,6,1
1310,1,1,1,2,10,6,1
1311,1,1,1,3,11,6,1
1312,1,1,1,3,12,6,1
1313,1,0,0,1,13,6,1
1314,1,0,0,1,14,6,1
1315,1,0,0,1,15,6,1
1316,1,0,0,1,16,6,1
1317,0,0,1,1,17,6,1
1318,0,1,0,1,18,6,1
1319,1,1,1,4,19,6,1
1320,0,1,0,1,20,6,1
1321,0,1,0,2,21,6,1
1322,0,0,1,2,22,6,1
1323,0,0,1,1,23,6,1
1324,1,1,1,3,24,6,1
1325,0,0,1,3,25,6,1
1326,0,1,0,4,26,6,1
1327,1,1,1,4,27,6,1
1328,1,1,1,2,28,6,1
1329,0,0,1,3,29,6,1
1330,0,0,1,1,30,6,1
1331,0,1,0,1,31,6,1
1332,0,0,1,2,32,6,1
1333,0,1,0,3,33,6,1
1334,1,1,1,3,34,6,1
1335,0,1,0,3,35,6,1
1336,1,1,1,4,36,6,1
1337,1,1,1,3,37,6,1
1338,0,0,1,2,38,6,1
1339,1,1,1,3,39,6,1
1340,0,1,0,1,40,6,1
1341,0,0,1,2,41,6,1
1342,0,0,1,2,42,6,1
1343,1,1,1,2,43,6,1
1344,0,0,1,2,44,6,1
1345,1,1,1,3,45,6,1
1346,0,1,0,2,46,6,1
1347,0,0,1,3,47,6,1
1348,0,1,0,4,48,6,1
1349,1,1,1,1,49,6,1
1350,0,0,1,3,50,6,1
1351,1,1,1,1,51,6,1
1352,0,0,1,1,52,6,1
1353,1,1,1,1,53,6,1
1354,1,1,1,2,54,6,1
1355,1,0,0,1,55,6,1
1356,1,1,1,4,56,6,1
1357,0,0,1,1,57,6,1
1358,1,0,0,2,58,6,1
1359,1,1,1,3,59,6,1
1360,0,0,1,3,60,6,1
1361,0,1,0,2,61,6,1
1362,1,0,0,1,62,6,1
1363,0,0,1,1,63,6,1
1364,1,1,1,4,64,6,1
1365,1,1,1,1,65,6,1
1366,0,1,0,3,66,6,1
1367,1,0,0,2,67,6,1
1368,1,1,1,1,68,6,1
1369,1,0,0,1,69,6,1
1370,0,0,1,4,70,6,1
1371,0,0,1,2,71,6,1
1372,0,0,1,4,72,6,1
1373,1,0,0,3,73,6,1
1374,1,0,0,2,74,6,1
1375,0,0,1,3,75,6,1
1376,0,0,1,3,76,6,1
1377,0,0,1,4,77,6,1
1378,0,0,1,4,78,6,1
1379,0,0,1,4,79,6,1
1380,0,0,1,1,80,6,1
1381,0,0,1,4,81,6,1
1382,1,1,1,1,82,6,1
1383,1,0,0,2,83,6,1
1384,0,0,1,2,84,6,1
1385,1,1,1,4,85,6,1
1386,0,1,0,1,86,6,1
1387,1,1,1,2,87,6,1
1388,0,1,0,2,88,6,1
1389,1,0,0,1,89,6,1
1390,0,0,1,1,90,6,1
1391,1,1,1,4,91,6,1
1392,0,1,0,1,92,6,1
1393,0,0,1,1,93,6,1
1394,1,1,1,2,94,6,1
1395,0,0,1,3,95,6,1
1396,0,0,1,2,96,6,1
1397,1,1,1,1,97,6,1
1398,1,1,1,4,98,6,1
1399,1,1,1,1,99,6,1
1400,1,1,1,1,0,7,0
1401,1,0,0,2,1,7,0
1402,1,1,1,3,2,7,0
1403,0,1,0,2,3,7,0
1404,0,0,1,4,4,7,0
1405,1,1,1,4,5,7,0
1406,1,1,1,2,6,7,0
1407,1,1,1,1,7,7,0
1408,1,0,0,4,8,7,0
1409,0,1,0,1,9,7,0
1410,0,0,1,3,10,7,0
1411,0,0,1,2,11,7,0
1412,1,1,1,3,12,7,0
1413,1,0,0,1,13,7,0
1414,0,0,1,3,14,7,0
1415,0,0,1,1,15,7,0
1416,0,0,1,3,16,7,0
1417,1,1,1,2,17,7,0
1418,1,1,1,4,18,7,0
1419,1,1,1,1,19,7,0
1420,1,1,1,3,20,7,0
1421,0,0,1,4,21,7,0
1422,0,0,1,2,22,7,0
1423,1,1,1,4,23,7,0
1424,1,0,0,3,24,7,0
1425,0,1,0,4,25,7,0
1426,0,0,1,4,26,7,0
1427,0,0,1,1,27,7,0
1428,1,1,1,1,28,7,0
1429,0,0,1,1,29,7,0
1430,1,0,0,1,30,7,0
1431,1,1,1,2,31,7,0
1432,1,1,1,1,32,7,0
1433,0,0,1,4,33,7,0
1434,0,0,1,4,34,7,0
1435,0,1,0,2,35,7,0
1436,0,0,1,4,36,7,0
1437,0,0,1,4,37,7,0
1438,1,1,1,1,38,7,0
1439,1,1,1,3,39,7,0
1440,0,0,1,2,40,7,0
1441,0,0,1,2,41,7,0
1442,0,1,0,1,42,7,0
1443,1,0,0,1,43,7,0
1444,1,0,0,2,44,7,0
1445,0,1,0,1,45,7,0
1446,0,0,1,3,46,7,0
1447,0,1,0,1,47,7,0
1448,1,1,1,3,48,7,0
1449,0,0,1,3,49,7,0
1450,1,1,1,1,50,7,0
1451,0,0,1,4,51,7,0
1452,0,0,1,4,52,7,0
1453,0,1,0,1,53,7,0
1454,0,0,1,2,54,7,0
1455,0,0,1,1,55,7,0
1456,0,1,0,2,56,7,0
1457,1,1,1,1,57,7,0
1458,1,1,1,3,58,7,0
1459,1,1,1,1,59,7,0
1460,0,0,1,2,60,7,0
1461,0,0,1,3,61,7,0
1462,1,1,1,3,62,7,0
1463,1,0,0,1,63,7,0
1464,1,1,1,4,64,7,0
1465,0,0,1,1,65,7,0
1466,1,1,1,1,66,7,0
1467,0,1,0,4,67,7,0
1468,0,1,0,2,68,7,0
1469,0,1,0,3,69,7,0
1470,1,0,0,2,70,7,0
1471,0,0,1,2,71,7,0
1472,0,0,1,1,72,7,0
1473,1,1,1,1,73,7,0
1474,1,1,1,1,74,7,0
1475,1,1,1,1,75,7,0
1476,1,0,0,2,76,7,0
1477,1,1,1,4,77,7,0
1478,1,1,1,3,78,7,0
1479,0,0,1,2,79,7,0
1480,1,0,0,2,80,7,0
1481,0,1,0,1,81,7,0
1482,1,1,1,3,82,7,0
1483,0,1,0,2,83,7,0
1484,1,1,1,3,84,7,0
1485,1,0,0,2,85,7,0
1486,0,0,1,2,86,7,0
1487,1,0,0,1,87,7,0
1488,0,1,0,1,88,7,0
1489,1,1,1,1,89,7,0
1490,1,0,0,2,90,7,0
1491,1,1,1,3,91,7,0
1492,0,0,1,3,92,7,0
1493,1,0,0,1,93,7,0
1494,0,0,1,3,94,7,0
1495,0,0,1,2,95,7,0
1496,1,1,1,1,96,7,0
1497,0,0,1,2,97,7,0
1498,1,1,1,3,98,7,0
1499,0,0,1,1,99,7,0
1500,0,0,1,3,0,7,1
1501,1,1,1,1,1,7,1
1502,0,0,1,2,2,7,1
1503,1,1,1,3,3,7,1
1504,1,0,0,2,4,7,1
1505,1,0,0,1,5,7,1
1506,1,1,1,2,6,7,1
1507,0,0,1,2,7,7,1
1508,1,1,1,4,8,7,1
1509,0,0,1,2,9,7,1
1510,0,0,1,1,10,7,1
1511,1,0,0,2,11,7,1
1512,1,1,1,2,12,7,1
1513,1,1,1,2,13,7,1
1514,1,1,1,1,14,7,1
1515,1,1,1,4,15,7,1
1516,1,1,1,4,16,7,1
1517,0,0,1,2,17,7,1
1518,0,0,1,2,18,7,1
1519,1,0,0,1,19,7,1
1520,0,0,1,1,20,7,1
1521,0,0,1,4,21,7,1
1522,1,0,0,2,22,7,1
1523,0,0,1,2,23,7,1
1524,0,0,1,1,24,7,1
1525,0,1,0,1,25,7,1
1526,1,1,1,1,26,7,1
1527,0,1,0,2,27,7,1
1528,1,1,1,1,28,7,1
1529,1,1,1,4,29,7,1
1530,0,0,1,1,30,7,1
1531,0,0,1,2,31,7,1
1532,1,1,1,3,32,7,1
1533,1,0,0,4,33,7,1
1534,0,0,1,1,34,7,1
1535,0,0,1,1,35,7,1
1536,1,0,0,1,36,7,1
1537,0,1,0,2,37,7,1
1538,0,0,1,4,38,7,1
1539,1,0,0,1,39,7,1
1540,1,1,1,2,40,7,1
1541,0,0,1,2,41,7,1
1542,0,0,1,1,42,7,1
1543,1,1,1,1,43,7,1
1544,0,1,0,1,44,7,1
1545,1,1,1,2,45,7,1
1546,1,1,1,4,46,7,1
1547,0,0,1,3,47,7,1
1548,1,1,1,3,48,7,1
1549,0,0,1,2,49,7,1
1550,1,0,0,3,50,7,1
1551,0,0,1,4,51,7,1
1552,0,1,0,2,52,7,1
1553,1,0,0,1,53,7,1
1554,0,0,1,2,54,7,1
1555,0,0,1,4,55,7,1
1556,0,1,0,2,56,7,1
1557,0,1,0,2,57,7,1
1558,1,1,1,3,58,7,1
1559,0,1,0,3,59,7,1
1560,0,0,1,4,60,7,1
1561,1,1,1,3,61,7,1
1562,0,0,1,1,62,7,1
1563,0,0,1,1,63,7,1
1564,0,1,0,1,64,7,1
1565,1,0,0,2,65,7,1
1566,0,1,0,3,66,7,1
1567,1,1,1,3,67,7,1
1568,1,1,1,4,68,7,1
1569,0,0,1,1,69,7,1
1570,0,1,0,2,70,7,1
1571,1,1,1,1,71,7,1
1572,1,1,1,2,72,7,1
1573,1,0,0,2,73,7,1
1574,1,1,1,4,74,7,1
1575,1,0,0,2,75,7,1
1576,1,0,0,1,76,7,1
1577,0,0,1,4,77,7,1
1578,1,1,1,4,78,7,1
1579,0,1,0,2,79,7,1
1580,0,1,0,1,80,7,1
1581,1,1,1,1,81,7,1
1582,1,1,1,1,82,7,1
1583,0,0,1,1,83,7,1
1584,0,1,0,1,84,7,1
1585,1,1,1,2,85,7,1
1586,1,1,1,2,86,7,1
1587,0,0,1,1,87,7,1
1588,0,0,1,1,88,7,1
1589,1,1,1,4,89,7,1
1590,0,0,1,4,90,7,1
1591,1,1,1,1,91,7,1
1592,1,1,1,4,92,7,1
1593,0,0,1,1,93,7,1
1594,0,0,1,2,94,7,1
1595,1,1,1,2,95,7,1
1596,1,1,1,4,96,7,1
1597,0,0,1,1,97,7,1
1598,1,1,1,1,98,7,1
1599,0,1,0,4,99,7,1
1600,1,0,0,1,0,8,0
1601,0,0,1,4,1,8,0
1602,0,0,1,3,2,8,0
1603,1,1,1,1,3,8,0
1604,1,1,1,4,4,8,0
1605,1,1,1,2,5,8,0
1606,0,0,1,1,6,8,0
1607,1,1,1,1,7,8,0
1608,0,0,1,2,8,8,0
1609,1,0,0,1,9,8,0
1610,1,1,1,4,10,8,0
1611,0,0,1,2,11,8,0
1612,1,1,1,1,12,8,0
1613,0,0,1,2,13,8,0
1614,0,1,0,2,14,8,0
1615,1,1,1,2,15,8,0
1616,1,1,1,1,16,8,0
1617,1,0,0,1,17,8,0
1618,1,0,0,1,18,8,0
1619,0,0,1,4,19,8,0
1620,1,1,1,2,20,8,0
1621,0,1,0,2,21,8,0
1622,0,0,1,2,22,8,0
1623,0,1,0,1,23,8,0
1624,0,1,0,1,24,8,0
1625,1,1,1,3,25,8,0
1626,0,1,0,1,26,8,0
1627,0,0,1,1,27,8,0
1628,0,1,0,1,28,8,0
1629,1,1,1,3,29,8,0
1630,0,0,1,4,30,8,0
1631,1,0,0,1,31,8,0
1632,0,1,0,1,32,8,0
1633,1,1,1,2,33,8,0
1634,0,0,1,1,34,8,0
1635,0,0,1,1,35,8,0
1636,1,1,1,4,36,8,0
1637,0,1,0,1,37,8,0
1638,1,1,1,3,38,8,0
1639,1,1,1,2,39,8,0
1640,0,0,1,2,40,8,0
1641,0,0,1,1,41,8,0
1642,0,1,0,1,42,8,0
1643,0,0,1,2,43,8,0
1644,1,0,0,4,44,8,0
1645,1,0,0,1,45,8,0
1646,0,0,1,3,46,8,0
1647,1,0,0,2,47,8,0
1648,0,0,1,1,48,8,0
1649,0,1,0,1,49,8,0
1650,1,1,1,2,50,8,0
1651,1,0,0,3,51,8,0
1652,1,0,0,2,52,8,0
1653,1,1,1,1,53,8,0
1654,1,1,1,1,54,8,0
1655,0,0,1,3,55,8,0
1656,0,0,1,1,56,8,0
1657,0,0,1,4,57,8,0
1658,0,0,1,1,58,8,0
1659,0,0,1,2,59,8,0
1660,1,1,1,2,60,8,0
1661,0,0,1,2,61,8,0
1662,0,0,1,2,62,8,0
1663,1,1,1,1,63,8,0
1664,1,1,1,3,64,8,0
1665,1,1,1,4,65,8,0
1666,1,1,1,1,66,8,0
1667,0,0,1,4,67,8,0
1668,1,1,1,1,68,8,0
1669,1,1,1,3,69,8,0
1670,0,0,1,3,70,8,0
1671,0,1,0,1,71,8,0
1672,1,1,1,3,72,8,0
1673,0,1,0,1,73,8,0
1674,0,0,1,4,74,8,0
1675,1,1,1,3,75,8,0
1676,0,0,1,2,76,8,0
1677,1,1,1,3,77,8,0
1678,1,0,0,1,78,8,0
1679,1,1,1,3,79,8,0
1680,0,1,0,1,80,8,0
1681,1,0,0,1,81,8,0
1682,0,0,1,2,82,8,0
1683,0,1,0,2,83,8,0
1684,1,0,0,2,84,8,0
1685,1,1,1,2,85,8,0
1686,0,1,0,2,86,8,0
1687,1,1,1,1,87,8,0
1688,1,1,1,3,88,8,0
1689,0,0,1,1,89,8,0
1690,0,0,1,1,90,8,0
1691,0,1,0,4,91,8,0
1692,0,1,0,2,92,8,0
1693,1,1,1,3,93,8,0
1694,0,0,1,4,94,8,0
1695,1,1,1,1,95,8,0
1696,1,1,1,4,96,8,0
1697,1,0,0,2,97,8,0
1698,1,1,1,3,98,8,0
1699,0,1,0,2,99,8,0
1700,1,1,1,3,0,8,1
1701,0,0,1,3,1,8,1
1702,1,1,1,4,2,8,1
1703,0,0,1,1,3,8,1
1704,1,0,0,4,4,8,1
1705,1,1,1,1,5,8,1
1706,1,1,1,1,6,8,1
1707,1,1,1,2,7,8,1
1708,0,0,1,1,8,8,1
1709,1,1,1,1,9,8,1
1710,1,0,0,2,10,8,1
1711,0,1,0,2,11,8,1
1712,0,1,0,1,12,8,1
1713,0,1,0,1,13,8,1
1714,0,0,1,2,14,8,1
1715,1,1,1,2,15,8,1
1716,0,0,1,4,16,8,1
1717,0,0,1,1,17,8,1
1718,0,0,1,4,18,8,1
1719,1,0,0,1,19,8,1
1720,1,1,1,4,20,8,1
1721,1,0,0,2,21,8,1
1722,1,1,1,2,22,8,1
1723,0,0,1,1,23,8,1
1724,0,1,0,1,24,8,1
1725,1,1,1,3,25,8,1
1726,1,1,1,2,26,8,1
1727,1,1,1,2,27,8,1
1728,0,0,1,1,28,8,1
1729,0,1,0,3,29,8,1
1730,0,0,1,1,30,8,1
1731,1,0,0,3,31,8,1
1732,1,1,1,1,32,8,1
1733,0,0,1,1,33,8,1
1734,0,1,0,2,34,8,1
1735,1,1,1,3,35,8,1
1736,1,0,0,1,36,8,1
1737,1,1,1,4,37,8,1
1738,0,0,1,3,38,8,1
1739,0,0,1,1,39,8,1
1740,1,1,1,1,40,8,1
1741,0,1,0,2,41,8,1
1742,0,0,1,4,42,8,1
1743,1,0,0,1,43,8,1
1744,0,0,1,4,44,8,1
1745,1,1,1,2,45,8,1
1746,1,0,0,2,46,8,1
1747,0,0,1,1,47,8,1
1748,0,1,0,1,48,8,1
1749,1,0,0,3,49,8,1
1750,1,0,0,2,50,8,1
1751,1,0,0,1,51,8,1
1752,1,1,1,4,52,8,1
1753,0,1,0,2,53,8,1
1754,0,0,1,4,54,8,1
1755,0,0,1,2,55,8,1
1756,0,0,1,1,56,8,1
1757,0,1,0,1,57,8,1
1758,0,1,0,1,58,8,1
1759,1,0,0,2,59,8,1
1760,0,0,1,2,60,8,1
1761,1,0,0,3,61,8,1
1762,1,1,1,1,62,8,1
1763,1,0,0,1,63,8,1
1764,0,0,1,2,64,8,1
1765,0,1,0,1,65,8,1
1766,0,0,1,2,66,8,1
1767,1,1,1,1,67,8,1
1768,0,0,1,1,68,8,1
1769,0,1,0,2,69,8,1
1770,0,0,1,2,70,8,1
1771,0,1,0,1,71,8,1
1772,0,1,0,1,72,8,1
1773,1,1,1,2,73,8,1
1774,0,0,1,4,74,8,1
1775,0,0,1,1,75,8,1
1776,1,1,1,4,76,8,1
1777,0,0,1,1,77,8,1
1778,1,1,1,4,78,8,1
1779,0,0,1,1,79,8,1
1780,1,1,1,1,80,8,1
1781,1,1,1,3,81,8,1
1782,1,1,1,3,82,8,1
1783,1,1,1,3,83,8,1
1784,0,0,1,2,84,8,1
1785,1,1,1,3,85,8,1
1786,1,0,0,2,86,8,1
1787,1,0,0,3,87,8,1
1788,1,1,1,1,88,8,1
1789,0,0,1,1,89,8,1
1790,1,1,1,4,90,8,1
1791,1,1,1,1,91,8,1
1792,0,0,1,1,92,8,1
1793,0,0,1,2,93,8,1
1794,1,1,1,1,94,8,1
1795,1,1,1,2,95,8,1
1796,0,0,1,1,96,8,1
1797,1,1,1,1,97,8,1
1798,0,1,0,1,98,8,1
1799,0,0,1,1,99,8,1
1800,1,1,1,4,0,9,0
1801,1,0,0,2,1,9,0
1802,0,1,0,2,2,9,0
1803,0,0,1,3,3,9,0
1804,1,1,1,2,4,9,0
1805,1,1,1,4,5,9,0
1806,1,1,1,2,6,9,0
1807,0,1,0,3,7,9,0
1808,1,1,1,3,8,9,0
1809,0,1,0,1,9,9,0
1810,0,0,1,2,10,9,0
1811,0,0,1,2,11,9,0
1812,1,0,0,1,12,9,0
1813,0,0,1,4,13,9,0
1814,0,0,1,1,14,9,0
1815,0,1,0,3,15,9,0
1816,0,0,1,1,16,9,0
1817,1,1,1,4,17,9,0
1818,0,0,1,2,18,9,0
1819,1,1,1,2,19,9,0
1820,1,1,1,4,20,9,0
1821,0,0,1,3,21,9,0
1822,1,1,1,1,22,9,0
1823,1,1,1,2,23,9,0
1824,0,0,1,4,24,9,0
1825,1,1,1,3,25,9,0
1826,1,1,1,1,26,9,0
1827,0,1,0,2,27,9,0
1828,0,0,1,2,28,9,0
1829,0,0,1,4,29,9,0
1830,1,0,0,2,30,9,0
1831,0,1,0,2,31,9,0
1832,1,1,1,3,32,9,0
1833,1,0,0,4,33,9,0
1834,0,0,1,3,34,9,0
1835,1,0,0,1,35,9,0
1836,0,0,1,1,36,9,0
1837,1,0,0,1,37,9,0
1838,0,0,1,1,38,9,0
1839,0,1,0,2,39,9,0
1840,1,1,1,2,40,9,0
1841,0,0,1,2,41,9,0
1842,0,1,0,1,42,9,0
1843,0,0,1,2,43,9,0
1844,0,0,1,1,44,9,0
1845,1,1,1,2,45,9,0
1846,1,1,1,2,46,9,0
1847,0,1,0,1,47,9,0
1848,1,1,1,4,48,9,0
1849,1,1,1,2,49,9,0
1850,1,0,0,3,50,9,0
1851,0,1,0,1,51,9,0
1852,1,0,0,3,52,9,0
1853,0,0,1,2,53,9,0
1854,0,1,0,1,54,9,0
1855,1,0,0,3,55,9,0
1856,0,0,1,1,56,9,0
1857,1,0,0,2,57,9,0
1858,1,0,0,2,58,9,0
1859,1,1,1,3,59,9,0
1860,0,1,0,2,60,9,0
1861,0,0,1,1,61,9,0
1862,0,1,0,4,62,9,0
1863,1,1,1,4,63,9,0
1864,0,0,1,1,64,9,0
1865,0,0,1,3,65,9,0
1866,0,0,1,2,66,9,0
1867,0,1,0,1,67,9,0
1868,0,0,1,3,68,9,0
1869,1,0,0,1,69,9,0
1870,1,1,1,4,70,9,0
1871,1,1,1,3,71,9,0
1872,1,1,1,4,72,9,0
1873,0,0,1,2,73,9,0
1874,0,1,0,3,74,9,0
1875,1,1,1,4,75,9,0
1876,0,0,1,1,76,9,0
1877,1,1,1,3,77,9,0
1878,0,0,1,1,78,9,0
1879,1,1,1,3,79,9,0
1880,1,0,0,3,80,9,0
1881,1,1,1,1,81,9,0
1882,0,0,1,1,82,9,0
1883,0,1,0,1,83,9,0
1884,0,1,0,3,84,9,0
1885,1,1,1,2,85,9,0
1886,1,1,1,3,86,9,0
1887,1,1,1,2,87,9,0
1888,1,1,1,1,88,9,0
1889,0,0,1,3,89,9,0
1890,1,1,1,3,90,9,0
1891,0,0,1,2,91,9,0
1892,1,1,1,1,92,9,0
1893,1,0,0,1,93,9,0
1894,1,1,1,4,94,9,0
1895,0,0,1,1,95,9,0
1896,1,0,0,1,96,9,0
1897,0,0,1,3,97,9,0
1898,1,1,1,1,98,9,0
1899,0,0,1,4,99,9,0
1900,0,1,0,1,0,9,1
1901,0,1,0,2,1,9,1
1902,0,0,1,3,2,9,1
1903,0,0,1,2,3,9,1
1904,1,0,0,3,4,9,1
1905,1,0,0,3,5,9,1
1906,1,0,0,2,6,9,1
1907,0,0,1,2,7,9,1
1908,1,0,0,3,8,9,1
1909,0,0,1,1,9,9,1
1910,0,1,0,1,10,9,1
1911,1,1,1,2,11,9,1
1912,0,0,1,3,12,9,1
1913,0,1,0,1,13,9,1
1914,0,0,1,2,14,9,1
1915,0,0,1,3,15,9,1
1916,1,1,1,1,16,9,1
1917,0,0,1,2,17,9,1
1918,0,1,0,4,18,9,1
1919,0,0,1,3,19,9,1
1920,1,1,1,1,20,9,1
1921,0,0,1,2,21,9,1
1922,0,0,1,1,22,9,1
1923,0,1,0,2,23,9,1
1924,1,1,1,3,24,9,1
1925,1,1,1,3,25,9,1
1926,1,1,1,1,26,9,1
1927,1,0,0,1,27,9,1
1928,1,1,1,2,28,9,1
1929,1,0,0,1,29,9,1
1930,0,1,0,3,30,9,1
1931,0,0,1,3,31,9,1
1932,0,1,0,4,32,9,1
1933,1,1,1,1,33,9,1
1934,1,1,1,2,34,9,1
1935,1,1,1,4,35,9,1
1936,0,0,1,1,36,9,1
1937,0,0,1,1,37,9,1
1938,0,0,1,1,38,9,1
1939,0,1,0,1,39,9,1
1940,0,0,1,1,40,9,1
1941,0,0,1,2,41,9,1
1942,1,1,1,1,42,9,1
1943,0,0,1,2,43,9,1
1944,0,0,1,2,44,9,1
1945,1,1,1,2,45,9,1
1946,1,1,1,3,46,9,1
1947,1,0,0,3,47,9,1
1948,1,1,1,2,48,9,1
1949,1,1,1,1,49,9,1
1950,0,0,1,2,50,9,1
1951,1,1,1,2,51,9,1
1952,1,0,0,1,52,9,1
1953,0,1,0,1,53,9,1
1954,1,1,1,2,54,9,1
1955,0,0,1,1,55,9,1
1956,0,0,1,3,56,9,1
1957,1,0,0,2,57,9,1
1958,0,1,0,3,58,9,1
1959,0,0,1,4,59,9,1
1960,1,1,1,4,60,9,1
1961,0,0,1,2,61,9,1
1962,1,1,1,4,62,9,1
1963,1,1,1,3,63,9,1
1964,1,0,0,4,64,9,1
1965,1,1,1,2,65,9,1
1966,0,0,1,1,66,9,1
1967,0,1,0,4,67,9,1
1968,1,1,1,2,68,9,1
1969,1,0,0,1,69,9,1
1970,0,1,0,1,70,9,1
1971,1,1,1,4,71,9,1
1972,0,0,1,2,72,9,1
1973,1,0,0,1,73,9,1
1974,1,1,1,3,74,9,1
1975,1,1,1,2,75,9,1
1976,0,0,1,2,76,9,1
1977,1,1,1,3,77,9,1
1978,1,1,1,3,78,9,1
1979,0,0,1,2,79,9,1
1980,0,0,1,4,80,9,1
1981,1,1,1,4,81,9,1
1982,1,1,1,3,82,9,1
1983,1,1,1,1,83,9,1
1984,1,1,1,4,84,9,1
1985,1,0,0,1,85,9,1
1986,0,1,0,1,86,9,1
1987,1,1,1,3,87,9,1
1988,0,1,0,2,88,9,1
1989,1,1,1,4,89,9,1
1990,0,1,0,2,90,9,1
1991,0,0,1,3,91,9,1
1992,1,1,1,3,92,9,1
1993,1,1,1,2,93,9,1
1994,0,1,0,2,94,9,1
1995,0,1,0,1,95,9,1
1996,1,0,0,1,96,9,1
1997,0,0,1,3,97,9,1
1998,1,1,1,1,98,9,1
1999,0,1,0,2,99,9,1
2000,1,1,1,2,0,10,0
2001,1,1,1,2,1,10,0
2002,1,1,1,1,2,10,0
2003,1,1,1,4,3,10,0
2004,0,0,1,4,4,10,0
2005,0,0,1,4,5,10,0
2006,0,0,1,2,6,10,0
2007,1,1,1,1,7,10,0
2008,0,0,1,3,8,10,0
2009,0,0,1,2,9,10,0
2010,1,0,0,2,10,10,0
2011,1,1,1,4,11,10,0
2012,0,1,0,3,12,10,0
2013,1,0,0,1,13,10,0
2014,0,0,1,4,14,10,0
2015,0,0,1,3,15,10,0
2016,0,0,1,3,16,10,0
2017,0,0,1,1,17,10,0
2018,0,0,1,4,18,10,0
2019,1,1,1,1,19,10,0
2020,1,1,1,4,20,10,0
2021,0,0,1,3,21,10,0
2022,0,0,1,3,22,10,0
2023,0,0,1,2,23,10,0
2024,0,0,1,3,24,10,0
2025,1,0,0,1,25,10,0
2026,0,0,1,3,26,10,0
2027,1,0,0,1,27,10,0
2028,1,0,0,3,28,10,0
2029,1,1,1,1,29,10,0
2030,0,1,0,3,30,10,0
2031,1,1,1,2,31,10,0
2032,0,0,1,1,32,10,0
2033,0,0,1,4,33,10,0
2034,1,1,1,4,34,10,0
2035,1,0,0,2,35,10,0
2036,0,0,1,3,36,10,0
2037,1,1,1,3,37,10,0
2038,0,1,0,1,38,10,0
2039,1,1,1,2,39,10,0
2040,1,0,0,1,40,10,0
2041,0,0,1,4,41,10,0
2042,1,1,1,1,42,10,0
2043,0,0,1,1,43,10,0
2044,0,1,0,2,44,10,0
2045,1,1,1,4,45,10,0
2046,0,1,0,2,46,10,0
2047,1,1,1,2,47,10,0
2048,1,1,1,4,48,10,0
2049,1,1,1,2,49,10,0
2050,1,1,1,1,50,10,0
2051,1,0,0,2,51,10,0
2052,1,0,0,1,52,10,0
2053,0,1,0,1,53,10,0
2054,0,0,1,2,54,10,0
2055,1,0,0,1,55,10,0
2056,0,1,0,3,56,10,0
2057,1,0,0,2,57,10,0
2058,0,0,1,2,58,10,0
2059,0,0,1,1,59,10,0
2060,0,0,1,4,60,10,0
2061,1,1,1,2,61,10,0
2062,0,0,1,2,62,10,0
2063,1,1,1,1,63,10,0
2064,1,1,1,2,64,10,0
2065,0,0,1,3,65,10,0
2066,0,0,1,3,66,10,0
2067,0,1,0,1,67,10,0
2068,1,1,1,1,68,10,0
2069,1,1,1,2,69,10,0
2070,1,0,0,3,70,10,0
2071,0,0,1,2,71,10,0
2072,0,0,1,3,72,10,0
2073,1,1,1,1,73,10,0
2074,1,1,1,4,74,10,0
2075,0,0,1,3,75,10,0
2076,0,1,0,2,76,10,0
2077,0,0,1,1,77,10,0
2078,0,0,1,2,78,10,0
2079,0,1,0,2,79,10,0
2080,1,1,1,1,80,10,0
2081,0,0,1,4,81,10,0
2082,1,0,0,1,82,10,0
2083,0,0,1,3,83,10,0
2084,1,1,1,2,84,10,0
2085,0,0,1,3,85,10,0
2086,0,0,1,2,86,10,0
2087,1,0,0,2,87,10,0
2088,1,1,1,2,88,10,0
2089,1,1,1,1,89,10,0
2090,1,1,1,1,90,10,0
2091,1,1,1,2,91,10,0
2092,1,0,0,2,92,10,0
2093,0,0,1,4,93,10,0
2094,1,1,1,1,94,10,0
2095,0,1,0,2,95,10,0
2096,0,1,0,1,96,10,0
2097,1,1,1,4,97,10,0
2098,1,0,0,1,98,10,0
2099,0,0,1,3,99,10,0
2100,1,1,1,1,0,10,1
2101,1,0,0,3,1,10,1
2102,1,1,1,1,2,10,1
2103,0,0,1,2,3,10,1
2104,0,0,1,2,4,10,1
2105,1,0,0,1,5,10,1
2106,0,1,0,4,6,10,1
2107,0,0,1,1,7,10,1
2108,0,0,1,3,8,10,1
2109,1,1,1,2,9,10,1
2110,0,0,1,1,10,10,1
2111,0,1,0,1,11,10,1
2112,1,1,1,2,12,10,1
2113,0,1,0,1,13,10,1
2114,1,1,1,2,14,10,1
2115,1,1,1,1,15,10,1
2116,1,1,1,4,16,10,1
2117,1,1,1,1,17,10,1
2118,1,1,1,2,18,10,1
2119,0,1,0,2,19,10,1
2120,0,0,1,3,20,10,1
2121,1,0,0,2,21,10,1
2122,0,0,1,2,22,10,1
2123,1,0,0,4,23,10,1
2124,0,0,1,1,24,10,1
2125,0,0,1,2,25,10,1
2126,0,0,1,3,26,10,1
2127,0,0,1,4,27,10,1
2128,0,0,1,4,28,10,1
2129,0,0,1,1,29,10,1
2130,0,1,0,1,30,10,1
2131,0,0,1,3,31,10,1
2132,1,1,1,1,32,10,1
2133,1,0,0,1,33,10,1
2134,1,0,0,2,34,10,1
2135,1,1,1,2,35,10,1
2136,1,1,1,2,36,10,1
2137,0,0,1,2,37,10,1
2138,1,0,0,2,38,10,1
2139,1,1,1,1,39,10,1
2140,1,0,0,1,40,10,1
2141,0,0,1,1,41,10,1
2142,1,1,1,2,42,10,1
2143,1,0,0,2,43,10,1
2144,0,1,0,1,44,10,1
2145,1,1,1,2,45,10,1
2146,0,0,1,1,46,10,1
2147,0,0,1,2,47,10,1
2148,0,1,0,3,48,10,1
2149,1,1,1,1,49,10,1
2150,1,0,0,2,50,10,1
2151,0,0,1,3,51,10,1
2152,0,0,1,4,52,10,1
2153,0,0,1,2,53,10,1
2154,1,1,1,1,54,10,1
2155,0,0,1,1,55,10,1
2156,1,0,0,3,56,10,1
2157,0,0,1,1,57,10,1
2158,1,0,0,1,58,10,1
2159,0,0,1,3,59,10,1
2160,1,1,1,2,60,10,1
2161,0,0,1,2,61,10,1
2162,0,0,1,4,62,10,1
2163,1,0,0,3,63,10,1
2164,0,1,0,1,64,10,1
2165,1,1,1,2,65,10,1
2166,0,0,1,3,66,10,1
2167,1,1,1,4,67,10,1
2168,0,1,0,1,68,10,1
2169,1,1,1,1,69,10,1
2170,1,1,1,1,70,10,1
2171,0,0,1,1,71,10,1
2172,1,1,1,4,72,10,1
2173,0,0,1,3,73,10,1
2174,1,0,0,1,74,10,1
2175,1,1,1,1,75,10,1
2176,1,1,1,2,76,10,1
2177,0,0,1,4,77,10,1
2178,1,1,1,3,78,10,1
2179,0,1,0,1,79,10,1
2180,0,0,1,4,80,10,1
2181,1,1,1,2,81,10,1
2182,0,0,1,3,82,10,1
2183,0,1,0,4,83,10,1
2184,1,1,1,1,84,10,1
2185,0,0,1,1,85,10,1
2186,0,0,1,4,86,10,1
2187,1,1,1,1,87,10,1
2188,1,0,0,1,88,10,1
2189,1,0,0,2,89,10,1
2190,1,0,0,1,90,10,1
2191,1,0,0,4,91,10,1
2192,0,0,1,2,92,10,1
2193,0,0,1,3,93,10,1
2194,0,0,1,1,94,10,1
2195,0,0,1,4,95,10,1
2196,1,1,1,2,96,10,1
2197,1,0,0,2,97,10,1
2198,1,1,1,2,98,10,1
2199,0,1,0,1,99,10,1
2200,0,1,0,3,0,11,0
2201,1,1,1,3,1,11,0
2202,0,1,0,3,2,11,0
2203,1,1,1,1,3,11,0
2204,0,0,1,2,4,11,0
2205,1,1,1,1,5,11,0
2206,1,1,1,3,6,11,0
2207,1,1,1,4,7,11,0
2208,1,1,1,4,8,11,0
2209,1,1,1,2,9,11,0
2210,0,0,1,1,10,11,0
2211,1,0,0,4,11,11,0
2212,1,1,1,3,12,11,0
2213,1,1,1,4,13,11,0
2214,0,0,1,1,14,11,0
2215,1,1,1,3,15,11,0
2216,0,1,0,1,16,11,0
2217,1,1,1,2,17,11,0
2218,0,0,1,1,18,11,0
2219,1,0,0,1,19,11,0
2220,0,0,1,4,20,11,0
2221,1,1,1,4,21,11,0
2222,0,0,1,4,22,11,0
2223,1,1,1,2,23,11,0
2224,0,0,1,1,24,11,0
2225,1,1,1,2,25,11,0
2226,1,1,1,3,26,11,0
2227,0,1,0,2,27,11,0
2228,1,1,1,2,28,11,0
2229,1,1,1,1,29,11,0
2230,1,0,0,1,30,11,0
2231,1,1,1,4,31,11,0
2232,0,0,1,2,32,11,0
2233,0,1,0,1,33,11,0
2234,0,0,1,4,34,11,0
2235,1,0,0,3,35,11,0
2236,0,0,1,2,36,11,0
2237,1,1,1,2,37,11,0
2238,1,0,0,1,38,11,0
2239,0,1,0,3,39,11,0
2240,0,1,0,3,40,11,0
2241,0,0,1,2,41,11,0
2242,0,0,1,4,42,11,0
2243,0,0,1,4,43,11,0
2244,0,1,0,2,44,11,0
2245,1,0,0,2,45,11,0
2246,1,1,1,1,46,11,0
2247,1,1,1,2,47,11,0
2248,0,0,1,3,48,11,0
2249,1,1,1,4,49,11,0
2250,1,0,0,1,50,11,0
2251,0,0,1,1,51,11,0
2252,1,1,1,3,52,11,0
2253,1,1,1,2,53,11,0
2254,0,0,1,1,54,11,0
2255,1,1,1,4,55,11,0
2256,0,0,1,1,56,11,0
2257,0,1,0,2,57,11,0
2258,1,1,1,4,58,11,0
2259,0,0,1,3,59,11,0
2260,1,1,1,2,60,11,0
2261,0,0,1,1,61,11,0
2262,0,1,0,2,62,11,0
2263,1,0,0,1,63,11,0
2264,0,1,0,2,64,11,0
2265,1,0,0,2,65,11,0
2266,1,1,1,1,66,11,0
2267,1,1,1,4,67,11,0
2268,1,0,0,2,68,11,0
2269,1,0,0,1,69,11,0
2270,0,0,1,1,70,11,0
2271,1,1,1,4,71,11,0
2272,0,1,0,2,72,11,0
2273,1,1,1,4,73,11,0
2274,0,0,1,1,74,11,0
2275,0,0,1,3,75,11,0
2276,1,1,1,1,76,11,0
2277,0,1,0,2,77,11,0
2278,0,0,1,1,78,11,0
2279,0,1,0,1,79,11,0
2280,1,0,0,1,80,11,0
2281,0,0,1,1,81,11,0
2282,0,1,0,1,82,11,0
2283,0,0,1,1,83,11,0
2284,0,1,0,4,84,11,0
2285,0,0,1,3,85,11,0
2286,0,0,1,3,86,11,0
2287,0,1,0,4,87,11,0
2288,1,1,1,1,88,11,0
2289,0,0,1,2,89,11,0
2290,0,0,1,1,90,11,0
2291,1,1,1,1,91,11,0
2292,1,1,1,1,92,11,0
2293,1,1,1,1,93,11,0
2294,0,1,0,3,94,11,0
2295,0,1,0,2,95,11,0
2296,1,1,1,3,96,11,0
2297,1,1,1,1,97,11,0
2298,0,0,1,4,98,11,0
2299,0,1,0,1,99,11,0
2300,0,0,1,2,0,11,1
2301,1,1,1,2,1,11,1
2302,0,0,1,2,2,11,1
2303,1,1,1,4,3,11,1
2304,1,1,1,2,4,11,1
2305,1,1,1,2,5,11,1
2306,1,0,0,3,6,11,1
2307,1,0,0,4,7,11,1
2308,1,1,1,1,8,11,1
2309,1,1,1,1,9,11,1
2310,1,1,1,3,10,11,1
2311,1,0,0,4,11,11,1
2312,0,0,1,1,12,11,1
2313,0,0,1,3,13,11,1
2314,0,0,1,2,14,11,1
2315,1,0,0,2,15,11,1
2316,1,1,1,3,16,11,1
2317,0,0,1,1,17,11,1
2318,1,1,1,1,18,11,1
2319,1,1,1,2,19,11,1
2320,0,0,1,3,20,11,1
2321,1,1,1,2,21,11,1
2322,1,0,0,1,22,11,1
2323,0,0,1,1,23,11,1
2324,0,0,1,2,24,11,1
2325,1,1,1,4,25,11,1
2326,0,0,1,1,26,11,1
2327,1,1,1,2,27,11,1
2328,1,1,1,2,28,11,1
2329,0,0,1,2,29,11,1
2330,0,1,0,4,30,11,1
2331,1,1,1,3,31,11,1
2332,0,0,1,3,32,11,1
2333,1,1,1,1,33,11,1
2334,1,1,1,2,34,11,1
2335,0,1,0,2,35,11,1
2336,0,0,1,1,36,11,1
2337,0,0,1,1,37,11,1
2338,1,1,1,1,38,11,1
2339,0,0,1,2,39,11,1
2340,1,1,1,1,40,11,1
2341,0,0,1,4,41,11,1
2342,0,1,0,1,42,11,1
2343,0,0,1,2,43,11,1
2344,1,0,0,1,44,11,1
2345,1,0,0,3,45,11,1
2346,0,0,1,2,46,11,1
2347,1,0,0,1,47,11,1
2348,0,1,0,1,48,11,1
2349,0,0,1,4,49,11,1
2350,0,0,1,1,50,11,1
2351,0,0,1,1,51,11,1
2352,1,1,1,2,52,11,1
2353,1,1,1,2,53,11,1
2354,0,1,0,4,54,11,1
2355,1,0,0,2,55,11,1
2356,1,1,1,3,56,11,1
2357,1,1,1,4,57,11,1
2358,0,0,1,1,58,11,1
2359,0,1,0,1,59,11,1
2360,1,1,1,3,60,11,1
2361,0,1,0,1,61,11,1
2362,0,0,1,2,62,11,1
2363,1,1,1,1,63,11,1
2364,1,1,1,3,64,11,1
2365,0,0,1,1,65,11,1
2366,0,0,1,2,66,11,1
2367,1,0,0,2,67,11,1
2368,0,1,0,2,68,11,1
2369,0,1,0,2,69,11,1
2370,0,0,1,1,70,11,1
2371,1,1,1,1,71,11,1
2372,1,1,1,2,72,11,1
2373,0,0,1,4,73,11,1
2374,0,1,0,2,74,11,1
2375,0,0,1,1,75,11,1
2376,0,0,1,2,76,11,1
2377,0,0,1,1,77,11,1
2378,0,1,0,4,78,11,1
2379,1,1,1,1,79,11,1
2380,0,0,1,2,80,11,1
2381,0,1,0,3,81,11,1
2382,1,0,0,1,82,11,1
2383,0,1,0,2,83,11,1
2384,0,0,1,1,84,11,1
2385,0,0,1,2,85,11,1
2386,1,1,1,1,86,11,1
2387,0,1,0,1,87,11,1
2388,0,0,1,2,88,11,1
2389,1,0,0,2,89,11,1
2390,0,0,1,4,90,11,1
2391,1,0,0,2,91,11,1
2392,1,1,1,3,92,11,1
2393,1,0,0,1,93,11,1
2394,1,1,1,4,94,11,1
2395,1,1,1,1,95,11,1
2396,1,1,1,1,96,11,1
2397,1,1,1,1,97,11,1
2398,1,1,1,2,98,11,1
2399,0,1,0,2,99,11,1
2400,1,1,1,4,0,12,0
2401,1,0,0,3,1,12,0
2402,0,0,1,2,2,12,0
2403,0,1,0,3,3,12,0
2404,0,0,1,2,4,12,0
2405,1,0,0,1,5,12,0
2406,0,0,1,1,6,12,0
2407,0,0,1,3,7,12,0
2408,0,1,0,1,8,12,0
2409,0,0,1,1,9,12,0
2410,1,1,1,4,10,12,0
2411,0,1,0,3,11,12,0
2412,0,0,1,3,12,12,0
2413,1,1,1,2,13,12,0
2414,0,0,1,4,14,12,0
2415,0,1,0,1,15,12,0
2416,0,0,1,1,16,12,0
2417,0,0,1,4,17,12,0
2418,0,0,1,4,18,12,0
2419,0,1,0,3,19,12,0
2420,0,0,1,1,20,12,0
2421,0,0,1,1,21,12,0
2422,1,1,1,4,22,12,0
2423,1,1,1,3,23,12,0
2424,0,0,1,3,24,12,0
2425,1,0,0,1,25,12,0
2426,0,0,1,2,26,12,0
2427,0,1,0,3,27,12,0
2428,1,1,1,1,28,12,0
2429,0,0,1,1,29,12,0
2430,1,1,1,4,30,12,0
2431,0,0,1,3,31,12,0
2432,1,0,0,3,32,12,0
2433,0,1,0,2,33,12,0
2434,0,0,1,2,34,12,0
2435,1,1,1,2,35,12,0
2436,0,1,0,1,36,12,0
2437,0,0,1,1,37,12,0
2438,1,0,0,2,38,12,0
2439,0,1,0,1,39,12,0
2440,1,1,1,1,40,12,0
2441,1,1,1,3,41,12,0
2442,1,0,0,2,42,12,0
2443,1,1,1,1,43,12,0
2444,1,1,1,3,44,12,0
2445,1,0,0,1,45,12,0
2446,1,1,1,1,46,12,0
2447,0,0,1,1,47,12,0
2448,0,0,1,4,48,12,0
2449,0,0,1,4,49,12,0
2450,1,1,1,1,50,12,0
2451,0,0,1,2,51,12,0
2452,0,1,0,2,52,12,0
2453,1,1,1,2,53,12,0
2454,0,0,1,4,54,12,0
2455,1,1,1,1,55,12,0
2456,1,1,1,1,56,12,0
2457,1,1,1,3,57,12,0
2458,0,0,1,3,58,12,0
2459,1,0,0,1,59,12,0
2460,0,0,1,4,60,12,0
2461,0,1,0,1,61,12,0
2462,1,1,1,2,62,12,0
2463,1,0,0,2,63,12,0
2464,0,1,0,1,64,12,0
2465,1,0,0,4,65,12,0
2466,1,0,0,3,66,12,0
2467,1,1,1,3,67,12,0
2468,1,0,0,2,68,12,0
2469,1,1,1,1,69,12,0
2470,1,0,0,1,70,12,0
2471,1,1,1,4,71,12,0
2472,0,1,0,2,72,12,0
2473,0,1,0,1,73,12,0
2474,0,0,1,2,74,12,0
2475,1,1,1,4,75,12,0
2476,1,1,1,1,76,12,0
2477,0,0,1,4,77,12,0
2478,0,0,1,2,78,12,0
2479,1,0,0,3,79,12,0
2480,1,1,1,1,80,12,0
2481,1,1,1,4,81,12,0
2482,1,1,1,2,82,12,0
2483,1,1,1,1,83,12,0
2484,0,0,1,1,84,12,0
2485,1,1,1,1,85,12,0
2486,0,0,1,2,86,12,0
2487,0,1,0,4,87,12,0
2488,1,1,1,2,88,12,0
2489,1,0,0,1,89,12,0
2490,1,1,1,2,90,12,0
2491,0,0,1,2,91,12,0
2492,0,0,1,3,92,12,0
2493,0,0,1,2,93,12,0
2494,0,0,1,2,94,12,0
2495,1,1,1,4,95,12,0
2496,1,0,0,1,96,12,0
2497,1,1,1,1,97,12,0
2498,1,0,0,2,98,12,0
2499,0,0,1,3,99,12,0
2500,0,0,1,4,0,12,1
2501,1,1,1,4,1,12,1
2502,0,0,1,2,2,12,1
2503,1,1,1,1,3,12,1
2504,0,0,1,1,4,12,1
2505,1,1,1,3,5,12,1
2506,1,1,1,4,6,12,1
2507,0,1,0,3,7,12,1
2508,0,1,0,3,8,12,1
2509,0,0,1,1,9,12,1
2510,0,0,1,4,10,12,1
2511,0,0,1,1,11,12,1
2512,1,0,0,1,12,12,1
2513,1,1,1,1,13,12,1
2514,0,0,1,2,14,12,1
2515,1,1,1,1,15,12,1
2516,1,1,1,1,16,12,1
2517,0,1,0,2,17,12,1
2518,0,1,0,1,18,12,1
2519,1,0,0,3,19,12,1
2520,0,0,1,2,20,12,1
2521,1,1,1,4,21,12,1
2522,1,0,0,1,22,12,1
2523,0,0,1,1,23,12,1
2524,0,0,1,1,24,12,1
2525,0,0,1,4,25,12,1
2526,0,0,1,3,26,12,1
2527,0,0,1,4,27,12,1
2528,1,0,0,2,28,12,1
2529,1,1,1,3,29,12,1
2530,1,0,0,3,30,12,1
2531,1,1,1,2,31,12,1
2532,0,0,1,3,32,12,1
2533,1,1,1,3,33,12,1
2534,1,1,1,2,34,12,1
2535,1,1,1,4,35,12,1
2536,1,1,1,2,36,12,1
2537,1,1,1,4,37,12,1
2538,1,0,0,3,38,12,1
2539,1,1,1,2,39,12,1
2540,1,1,1,1,40,12,1
2541,1,1,1,3,41,12,1
2542,1,1,1,2,42,12,1
2543,0,0,1,3,43,12,1
2544,1,1,1,1,44,12,1
2545,1,0,0,2,45,12,1
2546,1,1,1,1,46,12,1
2547,1,1,1,2,47,12,1
2548,0,0,1,4,48,12,1
2549,0,0,1,4,49,12,1
2550,1,1,1,3,50,12,1
2551,1,1,1,1,51,12,1
2552,1,1,1,4,52,12,1
2553,0,1,0,1,53,12,1
2554,0,1,0,3,54,12,1
2555,0,0,1,1,55,12,1
2556,0,0,1,3,56,12,1
2557,1,1,1,3,57,12,1
2558,0,0,1,1,58,12,1
2559,0,1,0,3,59,12,1
2560,0,0,1,2,60,12,1
2561,0,0,1,2,61,12,1
2562,0,0,1,3,62,12,1
2563,1,0,0,3,63,12,1
2564,1,1,1,2,64,12,1
2565,0,0,1,2,65,12,1
2566,1,0,0,4,66,12,1
2567,1,0,0,2,67,12,1
2568,1,1,1,3,68,12,1
2569,0,0,1,1,69,12,1
2570,1,0,0,4,70,12,1
2571,1,1,1,1,71,12,1
2572,0,1,0,2,72,12,1
2573,0,0,1,4,73,12,1
2574,0,0,1,4,74,12,1
2575,0,1,0,1,75,12,1
2576,0,1,0,1,76,12,1
2577,1,0,0,1,77,12,1
2578,0,1,0,1,78,12,1
2579,1,1,1,2,79,12,1
2580,0,1,0,2,80,12,1
2581,0,0,1,3,81,12,1
2582,1,1,1,1,82,12,1
2583,0,0,1,3,83,12,1
2584,1,1,1,2,84,12,1
2585,0,0,1,3,85,12,1
2586,0,0,1,1,86,12,1
2587,1,0,0,1,87,12,1
2588,1,1,1,2,88,12,1
2589,1,1,1,1,89,12,1
2590,0,0,1,2,90,12,1
2591,0,1,0,1,91,12,1
2592,1,0,0,1,92,12,1
2593,0,1,0,1,93,12,1
2594,0,0,1,2,94,12,1
2595,1,0,0,3,95,12,1
2596,0,0,1,2,96,12,1
2597,0,0,1,2,97,12,1
2598,0,0,1,3,98,12,1
2599,1,0,0,3,99,12,1
2600,0,0,1,4,0,13,0
2601,1,1,1,4,1,13,0
2602,1,1,1,2,2,13,0
2603,1,0,0,2,3,13,0
2604,0,0,1,2,4,13,0
2605,1,0,0,2,5,13,0
2606,1,1,1,4,6,13,0
2607,1,1,1,2,7,13,0
2608,0,1,0,2,8,13,0
2609,0,0,1,1,9,13,0
2610,0,0,1,2,10,13,0
2611,1,0,0,1,11,13,0
2612,0,0,1,1,12,13,0
2613,1,1,1,1,13,13,0
2614,0,0,1,4,14,13,0
2615,0,0,1,2,15,13,0
2616,0,1,0,1,16,13,0
2617,1,0,0,2,17,13,0
2618,0,0,1,2,18,13,0
2619,0,0,1,1,19,13,0
2620,1,0,0,2,20,13,0
2621,0,0,1,3,21,13,0
2622,0,0,1,4,22,13,0
2623,0,0,1,3,23,13,0
2624,1,0,0,3,24,13,0
2625,1,1,1,1,25,13,0
2626,0,1,0,1,26,13,0
2627,0,1,0,1,27,13,0
2628,1,0,0,1,28,13,0
2629,0,0,1,2,29,13,0
2630,1,1,1,3,30,13,0
2631,1,1,1,2,31,13,0
2632,1,1,1,2,32,13,0
2633,0,0,1,1,33,13,0
2634,1,0,0,1,34,13,0
2635,1,1,1,2,35,13,0
2636,1,0,0,3,36,13,0
2637,1,1,1,1,37,13,0
2638,0,0,1,3,38,13,0
2639,1,1,1,4,39,13,0
2640,1,0,0,2,40,13,0
2641,0,0,1,2,41,13,0
2642,0,0,1,1,42,13,0
2643,1,0,0,2,43,13,0
2644,0,0,1,3,44,13,0
2645,0,0,1,3,45,13,0
2646,1,1,1,3,46,13,0
2647,0,0,1,1,47,13,0
2648,1,1,1,1,48,13,0
2649,1,1,1,4,49,13,0
2650,0,1,0,2,50,13,0
2651,1,0,0,1,51,13,0
2652,0,0,1,2,52,13,0
2653,1,0,0,1,53,13,0
2654,1,1,1,4,54,13,0
2655,1,1,1,4,55,13,0
2656,0,1,0,2,56,13,0
2657,0,0,1,4,57,13,0
2658,1,0,0,1,58,13,0
2659,1,1,1,4,59,13,0
2660,0,1,0,1,60,13,0
2661,0,0,1,2,61,13,0
2662,1,1,1,1,62,13,0
2663,1,0,0,1,63,13,0
2664,1,0,0,1,64,13,0
2665,0,0,1,4,65,13,0
2666,1,1,1,1,66,13,0
2667,0,0,1,2,67,13,0
2668,0,0,1,1,68,13,0
2669,0,1,0,2,69,13,0
2670,1,1,1,3,70,13,0
2671,1,1,1,3,71,13,0
2672,0,0,1,1,72,13,0
2673,1,1,1,1,73,13,0
2674,0,0,1,1,74,13,0
2675,0,0,1,2,75,13,0
2676,0,0,1,3,76,13,0
2677,1,1,1,1,77,13,0
2678,0,0,1,3,78,13,0
2679,0,1,0,1,79,13,0
2680,0,1,0,4,80,13,0
2681,0,1,0,1,81,13,0
2682,1,1,1,2,82,13,0
2683,1,1,1,4,83,13,0
2684,0,0,1,4,84,13,0
2685,0,0,1,2,85,13,0
2686,0,1,0,2,86,13,0
2687,1,0,0,2,87,13,0
2688,1,1,1,1,88,13,0
2689,1,1,1,4,89,13,0
2690,1,1,1,1,90,13,0
2691,0,0,1,2,91,13,0
2692,0,0,1,2,92,13,0
2693,1,0,0,1,93,13,0
2694,0,0,1,4,94,13,0
2695,1,1,1,1,95,13,0
2696,1,1,1,4,96,13,0
2697,0,0,1,1,97,13,0
2698,1,1,1,1,98,13,0
2699,0,1,0,1,99,13,0
2700,0,0,1,2,0,13,1
2701,1,1,1,2,1,13,1
2702,0,0,1,3,2,13,1
2703,1,1,1,3,3,13,1
2704,1,0,0,2,4,13,1
2705,0,1,0,1,5,13,1
2706,1,1,1,4,6,13,1
2707,1,0,0,2,7,13,1
2708,0,0,1,2,8,13,1
2709,0,0,1,2,9,13,1
2710,0,1,0,2,10,13,1
2711,0,1,0,1,11,13,1
2712,1,0,0,1,12,13,1
2713,1,1,1,4,13,13,1
2714,1,0,0,2,14,13,1
2715,1,1,1,1,15,13,1
2716,1,1,1,3,16,13,1
2717,0,0,1,2,17,13,1
2718,0,0,1,4,18,13,1
2719,1,1,1,4,19,13,1
2720,0,0,1,1,20,13,1
2721,0,0,1,2,21,13,1
2722,0,1,0,2,22,13,1
2723,0,1,0,2,23,13,1
2724,0,0,1,3,24,13,1
2725,1,0,0,1,25,13,1
2726,1,0,0,1,26,13,1
2727,0,0,1,4,27,13,1
2728,1,1,1,1,28,13,1
2729,0,1,0,4,29,13,1
2730,1,1,1,3,30,13,1
2731,1,1,1,4,31,13,1
2732,0,0,1,2,32,13,1
2733,1,1,1,1,33,13,1
2734,0,1,0,1,34,13,1
2735,0,1,0,2,35,13,1
2736,1,1,1,1,36,13,1
2737,1,1,1,1,37,13,1
2738,0,1,0,1,38,13,1
2739,0,0,1,2,39,13,1
2740,1,0,0,2,40,13,1
2741,0,0,1,1,41,13,1
2742,1,0,0,4,42,13,1
2743,1,1,1,3,43,13,1
2744,1,1,1,1,44,13,1
2745,0,1,0,1,45,13,1
2746,0,0,1,4,46,13,1
2747,1,1,1,3,47,13,1
2748,0,0,1,3,48,13,1
2749,0,0,1,2,49,13,1
2750,1,1,1,3,50,13,1
2751,0,0,1,4,51,13,1
2752,1,1,1,3,52,13,1
2753,0,1,0,1,53,13,1
2754,0,0,1,1,54,13,1
2755,0,0,1,1,55,13,1
2756,1,1,1,2,56,13,1
2757,1,0,0,1,57,13,1
2758,0,0,1,1,58,13,1
2759,0,0,1,1,59,13,1
2760,0,0,1,2,60,13,1
2761,1,0,0,4,61,13,1
2762,1,1,1,4,62,13,1
2763,0,0,1,2,63,13,1
2764,0,1,0,2,64,13,1
2765,1,1,1,2,65,13,1
2766,1,1,1,3,66,13,1
2767,0,1,0,1,67,13,1
2768,0,0,1,1,68,13,1
2769,1,1,1,4,69,13,1
2770,0,0,1,1,70,13,1
2771,1,1,1,4,71,13,1
2772,0,0,1,2,72,13,1
2773,1,1,1,4,73,13,1
2774,1,0,0,3,74,13,1
2775,0,1,0,2,75,13,1
2776,0,1,0,3,76,13,1
2777,1,1,1,3,77,13,1
2778,1,0,0,3,78,13,1
2779,1,1,1,4,79,13,1
2780,0,1,0,1,80,13,1
2781,0,0,1,1,81,13,1
2782,0,1,0,1,82,13,1
2783,1,1,1,3,83,13,1
2784,1,1,1,2,84,13,1
2785,0,0,1,1,85,13,1
2786,0,0,1,4,86,13,1
2787,1,1,1,4,87,13,1
2788,1,0,0,1,88,13,1
2789,1,1,1,4,89,13,1
2790,1,1,1,4,90,13,1
2791,1,1,1,3,91,13,1
2792,0,0,1,3,92,13,1
2793,0,0,1,4,93,13,1
2794,1,0,0,2,94,13,1
2795,0,1,0,1,95,13,1
2796,0,0,1,2,96,13,1
2797,1,1,1,1,97,13,1
2798,1,1,1,4,98,13,1
2799,1,1,1,4,99,13,1
2800,1,0,0,4,0,14,0
2801,1,1,1,2,1,14,0
2802,0,0,1,1,2,14,0
2803,0,1,0,1,3,14,0
2804,0,0,1,1,4,14,0
2805,1,0,0,2,5,14,0
2806,0,1,0,3,6,14,0
2807,1,1,1,2,7,14,0
2808,0,0,1,1,8,14,0
2809,1,1,1,1,9,14,0
2810,0,0,1,4,10,14,0
2811,0,0,1,4,11,14,0
2812,0,1,0,2,12,14,0
2813,1,0,0,4,13,14,0
2814,1,1,1,1,14,14,0
2815,1,0,0,3,15,14,0
2816,0,0,1,4,16,14,0
2817,1,1,1,2,17,14,0
2818,0,0,1,1,18,14,0
2819,1,0,0,4,19,14,0
2820,1,0,0,1,20,14,0
2821,1,0,0,1,21,14,0
2822,0,1,0,2,22,14,0
2823,0,0,1,1,23,14,0
2824,1,1,1,1,24,14,0
2825,1,0,0,1,25,14,0
2826,0,0,1,1,26,14,0
2827,0,0,1,4,27,14,0
2828,0,0,1,4,28,14,0
2829,1,1,1,2,29,14,0
2830,0,0,1,4,30,14,0
2831,0,0,1,2,31,14,0
2832,1,1,1,1,32,14,0
2833,1,1,1,4,33,14,0
2834,0,0,1,2,34,14,0
2835,1,0,0,3,35,14,0
2836,0,0,1,2,36,14,0
2837,1,1,1,1,37,14,0
2838,1,1,1,2,38,14,0
2839,1,1,1,1,39,14,0
2840,1,1,1,1,40,14,0
2841,0,0,1,2,41,14,0
2842,0,0,1,2,42,14,0
2843,0,0,1,3,43,14,0
2844,0,1,0,1,44,14,0
2845,0,0,1,4,45,14,0
2846,0,0,1,2,46,14,0
2847,0,0,1,4,47,14,0
2848,0,0,1,2,48,14,0
2849,1,1,1,3,49,14,0
2850,1,1,1,2,50,14,0
2851,1,0,0,1,51,14,0
2852,0,1,0,1,52,14,0
2853,1,0,0,4,53,14,0
2854,1,0,0,2,54,14,0
2855,0,0,1,2,55,14,0
2856,1,1,1,1,56,14,0
2857,0,1,0,1,57,14,0
2858,0,0,1,1,58,14,0
2859,1,1,1,2,59,14,0
2860,0,0,1,3,60,14,0
2861,1,1,1,2,61,14,0
2862,0,0,1,2,62,14,0
2863,1,0,0,1,63,14,0
2864,1,1,1,3,64,14,0
2865,0,0,1,4,65,14,0
2866,1,0,0,2,66,14,0
2867,0,0,1,2,67,14,0
2868,1,0,0,1,68,14,0
2869,1,0,0,1,69,14,0
2870,0,0,1,4,70,14,0
2871,0,0,1,1,71,14,0
2872,0,0,1,2,72,14,0
2873,1,0,0,2,73,14,0
2874,0,0,1,4,74,14,0
2875,0,0,1,4,75,14,0
2876,1,0,0,1,76,14,0
2877,0,0,1,2,77,14,0
2878,1,0,0,2,78,14,0
2879,1,0,0,3,79,14,0
2880,1,1,1,2,80,14,0
2881,1,1,1,1,81,14,0
2882,0,1,0,1,82,14,0
2883,0,1,0,2,83,14,0
2884,1,1,1,1,84,14,0
2885,0,1,0,1,85,14,0
2886,1,0,0,1,86,14,0
2887,0,0,1,4,87,14,0
2888,1,1,1,1,88,14,0
2889,0,0,1,3,89,14,0
2890,0,0,1,3,90,14,0
2891,0,1,0,1,91,14,0
2892,1,1,1,3,92,14,0
2893,0,0,1,4,93,14,0
2894,0,1,0,3,94,14,0
2895,1,1,1,2,95,14,0
2896,1,1,1,2,96,14,0
2897,1,0,0,1,97,14,0
2898,1,1,1,4,98,14,0
2899,1,1,1,1,99,14,0
2900,0,0,1,2,0,14,1
2901,0,0,1,2,1,14,1
2902,1,1,1,1,2,14,1
2903,1,1,1,4,3,14,1
2904,0,0,1,1,4,14,1
2905,0,1,0,2,5,14,1
2906,0,1,0,1,6,14,1
2907,1,0,0,1,7,14,1
2908,1,1,1,3,8,14,1
2909,1,1,1,1,9,14,1
2910,0,1,0,4,10,14,1
2911,1,1,1,1,11,14,1
2912,0,0,1,1,12,14,1
2913,1,0,0,2,13,14,1
2914,0,1,0,1,14,14,1
2915,0,0,1,4,15,14,1
2916,1,0,0,4,16,14,1
2917,0,0,1,2,17,14,1
2918,0,0,1,1,18,14,1
2919,0,0,1,1,19,14,1
2920,1,0,0,2,20,14,1
2921,0,1,0,3,21,14,1
2922,0,0,1,3,22,14,1
2923,1,1,1,1,23,14,1
2924,1,1,1,4,24,14,1
2925,0,0,1,1,25,14,1
2926,1,1,1,1,26,14,1
2927,0,0,1,3,27,14,1
2928,0,0,1,2,28,14,1
2929,0,0,1,4,29,14,1
2930,1,1,1,2,30,14,1
2931,0,0,1,1,31,14,1
2932,1,1,1,2,32,14,1
2933,0,0,1,4,33,14,1
2934,0,1,0,3,34,14,1
2935,1,0,0,3,35,14,1
2936,0,1,0,4,36,14,1
2937,1,0,0,1,37,14,1
2938,1,1,1,3,38,14,1
2939,1,1,1,2,39,14,1
2940,1,1,1,2,40,14,1
2941,1,1,1,4,41,14,1
2942,1,0,0,1,42,14,1
2943,1,1,1,4,43,14,1
2944,0,1,0,4,44,14,1
2945,1,0,0,1,45,14,1
2946,0,0,1,1,46,14,1
2947,0,0,1,1,47,14,1
2948,1,1,1,2,48,14,1
2949,0,1,0,1,49,14,1
2950,1,1,1,4,50,14,1
2951,1,0,0,1,51,14,1
2952,1,0,0,2,52,14,1
2953,0,0,1,3,53,14,1
2954,1,1,1,1,54,14,1
2955,1,0,0,3,55,14,1
2956,0,1,0,2,56,14,1
2957,0,0,1,2,57,14,1
2958,0,0,1,4,58,14,1
2959,1,1,1,2,59,14,1
2960,1,0,0,2,60,14,1
2961,0,0,1,2,61,14,1
2962,1,1,1,4,62,14,1
2963,1,1,1,3,63,14,1
2964,0,1,0,1,64,14,1
2965,1,0,0,1,65,14,1
2966,1,1,1,4,66,14,1
2967,0,0,1,1,67,14,1
2968,0,1,0,2,68,14,1
2969,0,0,1,1,69,14,1
2970,1,1,1,4,70,14,1
2971,0,1,0,3,71,14,1
2972,1,0,0,1,72,14,1
2973,0,0,1,1,73,14,1
2974,1,1,1,1,74,14,1
2975,1,1,1,3,75,14,1
2976,0,0,1,2,76,14,1
2977,1,1,1,2,77,14,1
2978,1,1,1,1,78,14,1
2979,0,0,1,1,79,14,1
2980,1,1,1,2,80,14,1
2981,0,0,1,1,81,14,1
2982,1,1,1,3,82,14,1
2983,0,0,1,1,83,14,1
2984,0,0,1,1,84,14,1
2985,1,1,1,2,85,14,1
2986,0,0,1,2,86,14,1
2987,0,0,1,3,87,14,1
2988,0,0,1,1,88,14,1
2989,1,1,1,1,89,14,1
2990,1,1,1,1,90,14,1
2991,0,1,0,1,91,14,1
2992,1,1,1,1,92,14,1
2993,0,0,1,3,93,14,1
2994,1,0,0,3,94,14,1
2995,0,1,0,1,95,14,1
2996,1,1,1,2,96,14,1
2997,0,0,1,1,97,14,1
2998,1,1,1,1,98,14,1
2999,0,0,1,3,99,14,1
3000,0,0,1,4,0,15,0
3001,0,0,1,4,1,15,0
3002,1,1,1,2,2,15,0
3003,0,0,1,1,3,15,0
3004,1,1,1,2,4,15,0
3005,0,1,0,1,5,15,0
3006,0,1,0,1,6,15,0
3007,1,1,1,3,7,15,0
3008,0,0,1,1,8,15,0
3009,0,0,1,2,9,15,0
3010,0,0,1,4,10,15,0
3011,1,0,0,3,11,15,0
3012,1,1,1,2,12,15,0
3013,1,0,0,2,13,15,0
3014,1,0,0,3,14,15,0
3015,1,0,0,1,15,15,0
3016,1,1,1,1,16,15,0
3017,0,0,1,1,17,15,0
3018,1,1,1,4,18,15,0
3019,0,0,1,2,19,15,0
3020,1,0,0,2,20,15,0
3021,1,1,1,4,21,15,0
3022,0,0,1,1,22,15,0
3023,1,1,1,1,23,15,0
3024,1,1,1,2,24,15,0
3025,0,0,1,1,25,15,0
3026,0,1,0,2,26,15,0
3027,1,0,0,4,27,15,0
3028,1,1,1,4,28,15,0
3029,1,1,1,1,29,15,0
3030,0,1,0,2,30,15,0
3031,0,0,1,3,31,15,0
3032,0,0,1,2,32,15,0
3033,0,0,1,1,33,15,0
3034,1,1,1,4,34,15,0
3035,0,0,1,4,35,15,0
3036,0,0,1,4,36,15,0
3037,0,0,1,2,37,15,0
3038,0,0,1,2,38,15,0
3039,1,0,0,3,39,15,0
3040,0,1,0,2,40,15,0
3041,1,0,0,1,41,15,0
3042,1,1,1,2,42,15,0
3043,0,0,1,2,43,15,0
3044,0,0,1,4,44,15,0
3045,1,1,1,3,45,15,0
3046,1,1,1,2,46,15,0
3047,0,0,1,1,47,15,0
3048,1,0,0,1,48,15,0
3049,1,0,0,3,49,15,0
3050,1,0,0,1,50,15,0
3051,0,0,1,1,51,15,0
3052,0,0,1,4,52,15,0
3053,0,0,1,2,53,15,0
3054,0,0,1,2,54,15,0
3055,0,1,0,1,55,15,0
3056,1,1,1,3,56,15,0
3057,0,0,1,2,57,15,0
3058,1,1,1,2,58,15,0
3059,1,1,1,4,59,15,0
3060,1,1,1,4,60,15,0
3061,1,1,1,4,61,15,0
3062,0,0,1,1,62,15,0
3063,0,0,1,2,63,15,0
3064,0,0,1,4,64,15,0
3065,0,1,0,3,65,15,0
3066,1,0,0,2,66,15,0
3067,1,1,1,4,67,15,0
3068,0,0,1,2,68,15,0
3069,1,0,0,2,69,15,0
3070,1,0,0,2,70,15,0
3071,1,1,1,1,71,15,0
3072,0,0,1,4,72,15,0
3073,0,1,0,2,73,15,0
3074,0,1,0,1,74,15,0
3075,1,1,1,2,75,15,0
3076,1,1,1,1,76,15,0
3077,0,1,0,1,77,15,0
3078,0,1,0,1,78,15,0
3079,0,1,0,2,79,15,0
3080,0,0,1,1,80,15,0
3081,0,0,1,2,81,15,0
3082,0,0,1,3,82,15,0
3083,1,1,1,4,83,15,0
3084,0,1,0,2,84,15,0
3085,1,0,0,2,85,15,0
3086,1,1,1,2,86,15,0
3087,0,0,1,2,87,15,0
3088,1,1,1,1,88,15,0
3089,1,0,0,1,89,15,0
3090,1,1,1,4,90,15,0
3091,1,0,0,2,91,15,0
3092,1,0,0,2,92,15,0
3093,1,0,0,1,93,15,0
3094,0,0,1,1,94,15,0
3095,0,0,1,3,95,15,0
3096,1,1,1,1,96,15,0
3097,1,1,1,3,97,15,0
3098,1,1,1,3,98,15,0
3099,0,1,0,2,99,15,0
3100,1,1,1,3,0,15,1
3101,0,0,1,1,1,15,1
3102,0,0,1,1,2,15,1
3103,0,1,0,1,3,15,1
3104,1,1,1,4,4,15,1
3105,0,1,0,1,5,15,1
3106,1,1,1,1,6,15,1
3107,1,0,0,2,7,15,1
3108,1,1,1,2,8,15,1
3109,1,1,1,4,9,15,1
3110,0,0,1,2,10,15,1
3111,0,0,1,2,11,15,1
3112,1,0,0,1,12,15,1
3113,0,1,0,2,13,15,1
3114,1,1,1,3,14,15,1
3115,0,1,0,1,15,15,1
3116,1,1,1,3,16,15,1
3117,1,0,0,1,17,15,1
3118,0,0,1,2,18,15,1
3119,1,1,1,4,19,15,1
3120,1,1,1,1,20,15,1
3121,1,1,1,3,21,15,1
3122,1,1,1,2,22,15,1
3123,1,0,0,2,23,15,1
3124,0,1,0,1,24,15,1
3125,1,1,1,1,25,15,1
3126,0,1,0,1,26,15,1
3127,0,0,1,2,27,15,1
3128,0,0,1,2,28,15,1
3129,1,1,1,1,29,15,1
3130,0,0,1,3,30,15,1
3131,1,1,1,1,31,15,1
3132,0,0,1,1,32,15,1
3133,0,0,1,1,33,15,1
3134,1,1,1,4,34,15,1
3135,1,1,1,2,35,15,1
3136,1,1,1,2,36,15,1
3137,0,0,1,2,37,15,1
3138,1,1,1,3,38,15,1
3139,1,1,1,2,39,15,1
3140,0,1,0,3,40,15,1
3141,0,0,1,1,41,15,1
3142,1,1,1,4,42,15,1
3143,1,1,1,2,43,15,1
3144,0,0,1,2,44,15,1
3145,1,0,0,1,45,15,1
3146,0,1,0,2,46,15,1
3147,1,0,0,1,47,15,1
3148,1,0,0,2,48,15,1
3149,0,0,1,1,49,15,1
3150,1,1,1,3,50,15,1
3151,1,1,1,3,51,15,1
3152,1,1,1,1,52,15,1
3153,1,1,1,1,53,15,1
3154,1,0,0,4,54,15,1
3155,0,0,1,1,55,15,1
3156,0,1,0,4,56,15,1
3157,1,0,0,1,57,15,1
3158,1,1,1,4,58,15,1
3159,0,1,0,3,59,15,1
3160,0,0,1,1,60,15,1
3161,0,0,1,1,61,15,1
3162,0,0,1,4,62,15,1
3163,0,0,1,1,63,15,1
3164,0,0,1,2,64,15,1
3165,0,0,1,1,65,15,1
3166,0,1,0,1,66,15,1
3167,0,1,0,1,67,15,1
3168,0,0,1,4,68,15,1
3169,1,0,0,2,69,15,1
3170,0,0,1,2,70,15,1
3171,0,0,1,4,71,15,1
3172,0,0,1,1,72,15,1
3173,1,0,0,2,73,15,1
3174,0,1,0,1,74,15,1
3175,1,1,1,4,75,15,1
3176,0,1,0,4,76,15,1
3177,1,1,1,4,77,15,1
3178,0,0,1,2,78,15,1
3179,0,0,1,2,79,15,1
3180,1,1,1,1,80,15,1
3181,0,0,1,4,81,15,1
3182,0,0,1,1,82,15,1
3183,1,1,1,3,83,15,1
3184,1,1,1,1,84,15,1
3185,1,0,0,3,85,15,1
3186,1,1,1,2,86,15,1
3187,0,1,0,1,87,15,1
3188,1,0,0,3,88,15,1
3189,0,1,0,1,89,15,1
3190,0,1,0,1,90,15,1
3191,1,1,1,1,91,15,1
3192,1,1,1,4,92,15,1
3193,0,0,1,2,93,15,1
3194,0,1,0,4,94,15,1
3195,1,1,1,4,95,15,1
3196,0,0,1,3,96,15,1
3197,1,1,1,4,97,15,1
3198,0,0,1,1,98,15,1
3199,1,1,1,1,99,15,1
3200,0,1,0,2,0,16,0
3201,1,1,1,1,1,16,0
3202,0,0,1,1,2,16,0
3203,1,0,0,3,3,16,0
3204,0,0,1,2,4,16,0
3205,0,0,1,4,5,16,0
3206,0,0,1,3,6,16,0
3207,0,0,1,4,7,16,0
3208,0,0,1,4,8,16,0
3209,0,1,0,1,9,16,0
3210,1,1,1,2,10,16,0
3211,0,0,1,1,11,16,0
3212,0,0,1,3,12,16,0
3213,1,0,0,1,13,16,0
3214,1,1,1,4,14,16,0
3215,0,0,1,3,15,16,0
3216,0,1,0,1,16,16,0
3217,1,0,0,3,17,16,0
3218,1,1,1,2,18,16,0
3219,1,1,1,2,19,16,0
3220,1,1,1,4,20,16,0
3221,1,0,0,2,21,16,0
3222,0,0,1,1,22,16,0
3223,1,1,1,2,23,16,0
3224,0,1,0,1,24,16,0
3225,1,1,1,1,25,16,0
3226,0,0,1,2,26,16,0
3227,0,1,0,3,27,16,0
3228,0,0,1,3,28,16,0
3229,1,1,1,1,29,16,0
3230,0,0,1,1,30,16,0
3231,1,1,1,1,31,16,0
3232,0,1,0,2,32,16,0
3233,1,1,1,4,33,16,0
3234,1,1,1,1,34,16,0
3235,1,0,0,1,35,16,0
3236,1,1,1,4,36,16,0
3237,1,1,1,2,37,16,0
3238,1,0,0,2,38,16,0
3239,1,0,0,1,39,16,0
3240,1,0,0,1,40,16,0
3241,0,0,1,4,41,16,0
3242,1,1,1,3,42,16,0
3243,0,0,1,2,43,16,0
3244,0,0,1,4,44,16,0
3245,1,1,1,3,45,16,0
3246,0,0,1,4,46,16,0
3247,1,1,1,4,47,16,0
3248,0,0,1,4,48,16,0
3249,1,1,1,3,49,16,0
3250,1,0,0,3,50,16,0
3251,0,1,0,1,51,16,0
3252,0,0,1,3,52,16,0
3253,0,0,1,2,53,16,0
3254,0,1,0,1,54,16,0
3255,1,1,1,3,55,16,0
3256,1,1,1,4,56,16,0
3257,1,1,1,1,57,16,0
3258,0,0,1,4,58,16,0
3259,1,1,1,4,59,16,0
3260,1,1,1,1,60,16,0
3261,0,0,1,3,61,16,0
3262,1,1,1,3,62,16,0
3263,0,1,0,2,63,16,0
3264,0,0,1,2,64,16,0
3265,0,1,0,1,65,16,0
3266,1,0,0,2,66,16,0
3267,0,1,0,2,67,16,0
3268,0,0,1,1,68,16,0
3269,0,1,0,1,69,16,0
3270,1,1,1,2,70,16,0
3271,1,0,0,1,71,16,0
3272,1,1,1,1,72,16,0
3273,1,1,1,4,73,16,0
3274,0,0,1,2,74,16,0
3275,1,1,1,2,75,16,0
3276,1,1,1,2,76,16,0
3277,1,1,1,2,77,16,0
3278,0,1,0,2,78,16,0
3279,1,1,1,3,79,16,0
3280,1,1,1,4,80,16,0
3281,0,0,1,3,81,16,0
3282,1,1,1,2,82,16,0
3283,0,0,1,1,83,16,0
3284,0,0,1,2,84,16,0
3285,0,1,0,1,85,16,0
3286,0,1,0,1,86,16,0
3287,1,1,1,2,87,16,0
3288,1,0,0,3,88,16,0
3289,1,1,1,2,89,16,0
3290,0,0,1,2,90,16,0
3291,0,1,0,3,91,16,0
3292,0,0,1,1,92,16,0
3293,0,0,1,3,93,16,0
3294,1,1,1,4,94,16,0
3295,1,0,0,2,95,16,0
3296,0,0,1,3,96,16,0
3297,1,1,1,1,97,16,0
3298,0,0,1,2,98,16,0
3299,0,0,1,1,99,16,0
3300,1,0,0,2,0,16,1
3301,1,1,1,3,1,16,1
3302,0,0,1,2,2,16,1
3303,1,1,1,1,3,16,1
3304,1,1,1,4,4,16,1
3305,1,1,1,1,5,16,1
3306,0,0,1,2,6,16,1
3307,0,1,0,4,7,16,1
3308,1,0,0,3,8,16,1
3309,0,1,0,3,9,16,1
3310,1,0,0,3,10,16,1
3311,1,0,0,1,11,16,1
3312,0,0,1,2,12,16,1
3313,1,0,0,2,13,16,1
3314,1,1,1,3,14,16,1
3315,0,0,1,2,15,16,1
3316,1,1,1,1,16,16,1
3317,0,0,1,2,17,16,1
3318,0,1,0,1,18,16,1
3319,1,1,1,3,19,16,1
3320,1,1,1,1,20,16,1
3321,0,1,0,3,21,16,1
3322,0,0,1,2,22,16,1
3323,0,0,1,4,23,16,1
3324,0,1,0,2,24,16,1
3325,1,0,0,2,25,16,1
3326,0,0,1,2,26,16,1
3327,0,1,0,3,27,16,1
3328,1,1,1,1,28,16,1
3329,1,1,1,1,29,16,1
3330,0,0,1,1,30,16,1
3331,1,0,0,2,31,16,1
3332,1,1,1,2,32,16,1
3333,1,1,1,2,33,16,1
3334,0,0,1,3,34,16,1
3335,0,0,1,3,35,16,1
3336,1,1,1,1,36,16,1
3337,1,1,1,1,37,16,1
3338,0,0,1,4,38,16,1
3339,1,1,1,1,39,16,1
3340,1,1,1,1,40,16,1
3341,1,1,1,4,41,16,1
3342,0,1,0,3,42,16,1
3343,0,0,1,3,43,16,1
3344,1,0,0,3,44,16,1
3345,0,0,1,4,45,16,1
3346,0,1,0,3,46,16,1
3347,1,0,0,1,47,16,1
3348,1,0,0,1,48,16,1
3349,0,1,0,2,49,16,1
3350,1,1,1,3,50,16,1
3351,0,0,1,2,51,16,1
3352,0,0,1,1,52,16,1
3353,1,0,0,4,53,16,1
3354,1,1,1,2,54,16,1
3355,0,0,1,2,55,16,1
3356,1,1,1,1,56,16,1
3357,1,0,0,2,57,16,1
3358,0,1,0,1,58,16,1
3359,1,1,1,1,59,16,1
3360,0,0,1,2,60,16,1
3361,0,0,1,2,61,16,1
3362,0,1,0,2,62,16,1
3363,1,1,1,2,63,16,1
3364,0,1,0,2,64,16,1
3365,1,1,1,1,65,16,1
3366,0,0,1,4,66,16,1
3367,0,0,1,4,67,16,1
3368,1,1,1,1,68,16,1
3369,1,1,1,1,69,16,1
3370,0,0,1,2,70,16,1
3371,0,1,0,2,71,16,1
3372,0,1,0,3,72,16,1
3373,1,1,1,1,73,16,1
3374,1,1,1,3,74,16,1
3375,0,0,1,2,75,16,1
3376,1,1,1,2,76,16,1
3377,0,0,1,2,77,16,1
3378,0,0,1,2,78,16,1
3379,0,0,1,4,79,16,1
3380,0,0,1,1,80,16,1
3381,0,0,1,2,81,16,1
3382,1,1,1,1,82,16,1
3383,0,0,1,3,83,16,1
3384,1,1,1,4,84,16,1
3385,0,0,1,4,85,16,1
3386,1,1,1,1,86,16,1
3387,1,1,1,2,87,16,1
3388,0,0,1,1,88,16,1
3389,1,1,1,3,89,16,1
3390,0,0,1,2,90,16,1
3391,0,1,0,1,91,16,1
3392,1,1,1,1,92,16,1
3393,0,1,0,1,93,16,1
3394,1,0,0,1,94,16,1
3395,1,1,1,4,95,16,1
3396,0,1,0,4,96,16,1
3397,1,1,1,4,97,16,1
3398,0,0,1,2,98,16,1
3399,1,1,1,3,99,16,1
3400,0,0,1,4,0,17,0
3401,0,1,0,1,1,17,0
3402,1,0,0,3,2,17,0
3403,0,0,1,3,3,17,0
3404,1,1,1,1,4,17,0
3405,0,1,0,2,5,17,0
3406,1,1,1,4,6,17,0
3407,1,0,0,1,7,17,0
3408,1,1,1,1,8,17,0
3409,1,1,1,4,9,17,0
3410,1,1,1,2,10,17,0
3411,1,1,1,1,11,17,0
3412,1,0,0,2,12,17,0
3413,0,1,0,1,13,17,0
3414,1,0,0,1,14,17,0
3415,0,0,1,1,15,17,0
3416,1,1,1,2,16,17,0
3417,0,0,1,3,17,17,0
3418,1,1,1,2,18,17,0
3419,0,0,1,2,19,17,0
3420,0,1,0,1,20,17,0
3421,0,0,1,2,21,17,0
3422,0,0,1,4,22,17,0
3423,1,1,1,4,23,17,0
3424,0,1,0,1,24,17,0
3425,0,0,1,2,25,17,0
3426,1,1,1,3,26,17,0
3427,0,1,0,1,27,17,0
3428,1,0,0,1,28,17,0
3429,1,1,1,1,29,17,0
3430,1,1,1,2,30,17,0
3431,0,1,0,1,31,17,0
3432,1,0,0,4,32,17,0
3433,1,1,1,3,33,17,0
3434,0,0,1,1,34,17,0
3435,0,0,1,3,35,17,0
3436,1,0,0,2,36,17,0
3437,1,0,0,1,37,17,0
3438,1,1,1,4,38,17,0
3439,0,1,0,1,39,17,0
3440,1,1,1,4,40,17,0
3441,0,1,0,1,41,17,0
3442,0,0,1,3,42,17,0
3443,1,0,0,2,43,17,0
3444,0,0,1,1,44,17,0
3445,1,1,1,2,45,17,0
3446,0,0,1,1,46,17,0
3447,1,1,1,3,47,17,0
3448,0,1,0,2,48,17,0
3449,0,0,1,3,49,17,0
3450,1,0,0,1,50,17,0
3451,1,0,0,2,51,17,0
3452,0,0,1,3,52,17,0
3453,1,1,1,3,53,17,0
3454,0,0,1,2,54,17,0
3455,1,1,1,1,55,17,0
3456,1,1,1,4,56,17,0
3457,1,1,1,2,57,17,0
3458,1,1,1,4,58,17,0
3459,1,1,1,2,59,17,0
3460,0,0,1,2,60,17,0
3461,1,1,1,2,61,17,0
3462,1,0,0,2,62,17,0
3463,1,1,1,1,63,17,0
3464,0,0,1,1,64,17,0
3465,0,0,1,3,65,17,0
3466,0,0,1,1,66,17,0
3467,1,1,1,3,67,17,0
3468,0,1,0,4,68,17,0
3469,1,1,1,4,69,17,0
3470,0,0,1,3,70,17,0
3471,0,1,0,1,71,17,0
3472,0,0,1,2,72,17,0
3473,0,0,1,3,73,17,0
3474,1,1,1,2,74,17,0
3475,0,0,1,2,75,17,0
3476,0,0,1,1,76,17,0
3477,1,0,0,2,77,17,0
3478,1,1,1,2,78,17,0
3479,0,0,1,3,79,17,0
3480,0,0,1,4,80,17,0
3481,1,1,1,2,81,17,0
3482,0,0,1,4,82,17,0
3483,1,1,1,4,83,17,0
3484,0,1,0,4,84,17,0
3485,0,1,0,2,85,17,0
3486,0,0,1,1,86,17,0
3487,0,0,1,4,87,17,0
3488,1,1,1,4,88,17,0
3489,0,0,1,2,89,17,0
3490,0,0,1,2,90,17,0
3491,1,1,1,3,91,17,0
3492,0,0,1,2,92,17,0
3493,1,1,1,1,93,17,0
3494,0,0,1,3,94,17,0
3495,1,0,0,2,95,17,0
3496,0,0,1,3,96,17,0
3497,1,1,1,4,97,17,0
3498,1,1,1,3,98,17,0
3499,0,1,0,2,99,17,0
3500,1,0,0,1,0,17,1
3501,0,0,1,1,1,17,1
3502,0,0,1,1,2,17,1
3503,1,1,1,2,3,17,1
3504,1,1,1,4,4,17,1
3505,0,1,0,2,5,17,1
3506,1,1,1,1,6,17,1
3507,0,0,1,1,7,17,1
3508,0,0,1,1,8,17,1
3509,0,0,1,1,9,17,1
3510,0,1,0,4,10,17,1
3511,0,0,1,4,11,17,1
3512,1,1,1,1,12,17,1
3513,0,0,1,3,13,17,1
3514,1,1,1,2,14,17,1
3515,1,1,1,2,15,17,1
3516,1,0,0,2,16,17,1
3517,0,0,1,3,17,17,1
3518,0,0,1,4,18,17,1
3519,1,0,0,2,19,17,1
3520,0,0,1,4,20,17,1
3521,1,1,1,4,21,17,1
3522,0,0,1,2,22,17,1
3523,1,1,1,4,23,17,1
3524,1,0,0,2,24,17,1
3525,0,0,1,2,25,17,1
3526,1,1,1,1,26,17,1
3527,0,1,0,2,27,17,1
3528,0,0,1,4,28,17,1
3529,1,0,0,1,29,17,1
3530,1,1,1,3,30,17,1
3531,1,1,1,3,31,17,1
3532,0,0,1,1,32,17,1
3533,0,1,0,1,33,17,1
3534,1,1,1,1,34,17,1
3535,0,1,0,2,35,17,1
3536,1,1,1,4,36,17,1
3537,1,1,1,2,37,17,1
3538,0,1,0,2,38,17,1
3539,0,0,1,3,39,17,1
3540,1,1,1,1,40,17,1
3541,1,1,1,1,41,17,1
3542,1,0,0,1,42,17,1
3543,0,0,1,2,43,17,1
3544,0,0,1,1,44,17,1
3545,0,0,1,2,45,17,1
3546,0,0,1,4,46,17,1
3547,0,1,0,1,47,17,1
3548,1,1,1,2,48,17,1
3549,0,0,1,1,49,17,1
3550,1,1,1,2,50,17,1
3551,1,1,1,1,51,17,1
3552,1,1,1,3,52,17,1
3553,0,0,1,3,53,17,1
3554,0,0,1,2,54,17,1
3555,0,1,0,3,55,17,1
3556,1,1,1,2,56,17,1
3557,1,0,0,2,57,17,1
3558,0,0,1,1,58,17,1
3559,1,0,0,1,59,17,1
3560,1,0,0,1,60,17,1
3561,0,0,1,4,61,17,1
3562,0,1,0,2,62,17,1
3563,1,1,1,2,63,17,1
3564,0,0,1,2,64,17,1
3565,1,1,1,3,65,17,1
3566,1,1,1,1,66,17,1
3567,1,1,1,1,67,17,1
3568,1,0,0,2,68,17,1
3569,0,0,1,1,69,17,1
3570,1,0,0,1,70,17,1
3571,0,1,0,1,71,17,1
3572,0,1,0,2,72,17,1
3573,0,0,1,2,73,17,1
3574,1,1,1,2,74,17,1
3575,1,0,0,1,75,17,1
3576,1,1,1,1,76,17,1
3577,0,1,0,3,77,17,1
3578,0,1,0,2,78,17,1
3579,1,1,1,1,79,17,1
3580,1,1,1,3,80,17,1
3581,1,1,1,1,81,17,1
3582,0,1,0,1,82,17,1
3583,0,0,1,1,83,17,1
3584,0,1,0,1,84,17,1
3585,0,0,1,3,85,17,1
3586,1,1,1,2,86,17,1
3587,1,1,1,2,87,17,1
3588,1,1,1,1,88,17,1
3589,1,1,1,2,89,17,1
3590,0,1,0,2,90,17,1
3591,1,0,0,2,91,17,1
3592,0,1,0,1,92,17,1
3593,0,1,0,3,93,17,1
3594,1,0,0,1,94,17,1
3595,1,0,0,1,95,17,1
3596,0,0,1,1,96,17,1
3597,0,0,1,1,97,17,1
3598,0,0,1,4,98,17,1
3599,1,1,1,3,99,17,1
3600,0,1,0,3,0,18,0
3601,1,1,1,4,1,18,0
3602,0,1,0,3,2,18,0
3603,1,1,1,4,3,18,0
3604,0,1,0,1,4,18,0
3605,0,1,0,1,5,18,0
3606,0,0,1,1,6,18,0
3607,1,1,1,1,7,18,0
3608,1,0,0,2,8,18,0
3609,1,1,1,4,9,18,0
3610,0,0,1,1,10,18,0
3611,1,1,1,2,11,18,0
3612,1,1,1,4,12,18,0
3613,0,1,0,2,13,18,0
3614,1,1,1,1,14,18,0
3615,1,0,0,2,15,18,0
3616,1,0,0,2,16,18,0
3617,1,0,0,1,17,18,0
3618,0,0,1,1,18,18,0
3619,1,1,1,1,19,18,0
3620,0,0,1,2,20,18,0
3621,1,0,0,1,21,18,0
3622,0,0,1,1,22,18,0
3623,0,0,1,3,23,18,0
3624,1,1,1,1,24,18,0
3625,0,0,1,2,25,18,0
3626,1,1,1,4,26,18,0
3627,1,0,0,1,27,18,0
3628,0,1,0,1,28,18,0
3629,1,0,0,1,29,18,0
3630,0,1,0,1,30,18,0
3631,1,1,1,4,31,18,0
3632,1,0,0,1,32,18,0
3633,0,0,1,3,33,18,0
3634,0,1,0,1,34,18,0
3635,0,0,1,2,35,18,0
3636,1,1,1,1,36,18,0
3637,1,1,1,3,37,18,0
3638,0,0,1,3,38,18,0
3639,0,0,1,3,39,18,0
3640,1,0,0,1,40,18,0
3641,1,1,1,4,41,18,0
3642,1,1,1,2,42,18,0
3643,0,0,1,3,43,18,0
3644,1,1,1,3,44,18,0
3645,1,1,1,4,45,18,0
3646,0,0,1,3,46,18,0
3647,0,0,1,2,47,18,0
3648,0,0,1,2,48,18,0
3649,1,1,1,2,49,18,0
3650,1,0,0,1,50,18,0
3651,0,0,1,1,51,18,0
3652,0,0,1,2,52,18,0
3653,0,1,0,1,53,18,0
3654,0,0,1,1,54,18,0
3655,0,0,1,4,55,18,0
3656,1,1,1,1,56,18,0
3657,1,1,1,3,57,18,0
3658,0,0,1,3,58,18,0
3659,1,1,1,4,59,18,0
3660,0,0,1,4,60,18,0
3661,0,0,1,2,61,18,0
3662,1,1,1,4,62,18,0
3663,0,1,0,2,63,18,0
3664,0,0,1,2,64,18,0
3665,1,1,1,3,65,18,0
3666,1,1,1,3,66,18,0
3667,1,1,1,2,67,18,0
3668,1,1,1,4,68,18,0
3669,1,1,1,4,69,18,0
3670,1,1,1,2,70,18,0
3671,1,1,1,3,71,18,0
3672,0,0,1,3,72,18,0
3673,0,0,1,2,73,18,0
3674,1,1,1,4,74,18,0
3675,0,1,0,1,75,18,0
3676,1,0,0,1,76,18,0
3677,1,1,1,2,77,18,0
3678,0,0,1,2,78,18,0
3679,0,0,1,1,79,18,0
3680,0,1,0,4,80,18,0
3681,0,0,1,4,81,18,0
3682,1,0,0,2,82,18,0
3683,0,1,0,2,83,18,0
3684,0,1,0,1,84,18,0
3685,0,1,0,3,85,18,0
3686,0,1,0,1,86,18,0
3687,1,1,1,4,87,18,0
3688,0,0,1,3,88,18,0
3689,1,1,1,4,89,18,0
3690,1,1,1,2,90,18,0
3691,1,1,1,3,91,18,0
3692,1,1,1,4,92,18,0
3693,0,0,1,1,93,18,0
3694,0,0,1,4,94,18,0
3695,0,0,1,2,95,18,0
3696,1,0,0,2,96,18,0
3697,0,0,1,1,97,18,0
3698,1,1,1,4,98,18,0
3699,0,0,1,4,99,18,0
3700,0,0,1,1,0,18,1
3701,0,0,1,2,1,18,1
3702,0,1,0,2,2,18,1
3703,1,0,0,1,3,18,1
3704,1,1,1,4,4,18,1
3705,1,1,1,4,5,18,1
3706,0,0,1,4,6,18,1
3707,0,0,1,4,7,18,1
3708,1,1,1,2,8,18,1
3709,1,0,0,1,9,18,1
3710,1,1,1,4,10,18,1
3711,0,0,1,2,11,18,1
3712,0,0,1,1,12,18,1
3713,1,1,1,3,13,18,1
3714,1,1,1,2,14,18,1
3715,1,1,1,2,15,18,1
3716,1,1,1,3,16,18,1
3717,1,1,1,1,17,18,1
3718,0,0,1,4,18,18,1
3719,0,1,0,1,19,18,1
3720,1,0,0,2,20,18,1
3721,1,1,1,3,21,18,1
3722,0,0,1,3,22,18,1
3723,1,1,1,1,23,18,1
3724,1,1,1,2,24,18,1
3725,1,1,1,1,25,18,1
3726,1,1,1,3,26,18,1
3727,1,1,1,4,27,18,1
3728,0,0,1,1,28,18,1
3729,1,0,0,1,29,18,1
3730,0,0,1,2,30,18,1
3731,1,0,0,2,31,18,1
3732,1,1,1,2,32,18,1
3733,0,0,1,3,33,18,1
3734,0,1,0,1,34,18,1
3735,0,1,0,2,35,18,1
3736,1,1,1,4,36,18,1
3737,1,1,1,1,37,18,1
3738,0,1,0,1,38,18,1
3739,1,1,1,3,39,18,1
3740,0,0,1,1,40,18,1
3741,1,0,0,2,41,18,1
3742,1,1,1,3,42,18,1
3743,0,0,1,1,43,18,1
3744,1,1,1,1,44,18,1
3745,0,0,1,3,45,18,1
3746,0,1,0,2,46,18,1
3747,1,1,1,1,47,18,1
3748,1,0,0,1,48,18,1
3749,1,1,1,4,49,18,1
3750,1,0,0,2,50,18,1
3751,1,1,1,2,51,18,1
3752,0,0,1,2,52,18,1
3753,0,0,1,4,53,18,1
3754,1,1,1,4,54,18,1
3755,0,0,1,3,55,18,1
3756,0,0,1,1,56,18,1
3757,0,0,1,1,57,18,1
3758,0,1,0,2,58,18,1
3759,0,0,1,2,59,18,1
3760,0,1,0,1,60,18,1
3761,1,1,1,3,61,18,1
3762,0,1,0,1,62,18,1
3763,0,1,0,3,63,18,1
3764,0,0,1,2,64,18,1
3765,0,1,0,1,65,18,1
3766,0,1,0,1,66,18,1
3767,0,0,1,1,67,18,1
3768,1,1,1,4,68,18,1
3769,1,0,0,4,69,18,1
3770,1,0,0,3,70,18,1
3771,0,0,1,3,71,18,1
3772,1,1,1,2,72,18,1
3773,0,0,1,2,73,18,1
3774,1,1,1,4,74,18,1
3775,0,0,1,4,75,18,1
3776,0,0,1,4,76,18,1
3777,0,0,1,4,77,18,1
3778,1,1,1,4,78,18,1
3779,1,1,1,3,79,18,1
3780,0,0,1,1,80,18,1
3781,1,1,1,3,81,18,1
3782,0,1,0,1,82,18,1
3783,1,1,1,1,83,18,1
3784,0,0,1,2,84,18,1
3785,0,0,1,4,85,18,1
3786,0,1,0,2,86,18,1
3787,1,1,1,3,87,18,1
3788,1,1,1,1,88,18,1
3789,1,0,0,2,89,18,1
3790,1,0,0,1,90,18,1
3791,0,0,1,3,91,18,1
3792,1,1,1,3,92,18,1
3793,0,1,0,2,93,18,1
3794,1,1,1,3,94,18,1
3795,1,0,0,1,95,18,1
3796,0,0,1,2,96,18,1
3797,0,0,1,1,97,18,1
3798,0,0,1,4,98,18,1
3799,0,0,1,1,99,18,1
3800,1,1,1,1,0,19,0
3801,1,1,1,4,1,19,0
3802,0,0,1,2,2,19,0
3803,0,0,1,2,3,19,0
3804,1,0,0,3,4,19,0
3805,0,0,1,4,5,19,0
3806,1,0,0,1,6,19,0
3807,1,1,1,3,7,19,0
3808,0,0,1,3,8,19,0
3809,0,1,0,4,9,19,0
3810,1,1,1,3,10,19,0
3811,1,1,1,3,11,19,0
3812,0,0,1,4,12,19,0
3813,1,0,0,1,13,19,0
3814,0,1,0,3,14,19,0
3815,1,1,1,3,15,19,0
3816,1,1,1,2,16,19,0
3817,1,1,1,2,17,19,0
3818,0,0,1,2,18,19,0
3819,0,1,0,3,19,19,0
3820,0,1,0,1,20,19,0
3821,1,1,1,2,21,19,0
3822,0,0,1,2,22,19,0
3823,1,1,1,3,23,19,0
3824,1,1,1,2,24,19,0
3825,1,1,1,3,25,19,0
3826,1,0,0,1,26,19,0
3827,0,0,1,3,27,19,0
3828,0,1,0,4,28,19,0
3829,0,0,1,2,29,19,0
3830,0,1,0,3,30,19,0
3831,0,1,0,1,31,19,0
3832,1,1,1,3,32,19,0
3833,0,1,0,4,33,19,0
3834,1,1,1,4,34,19,0
3835,0,1,0,2,35,19,0
3836,0,0,1,3,36,19,0
3837,1,1,1,1,37,19,0
3838,1,1,1,2,38,19,0
3839,1,1,1,4,39,19,0
3840,1,1,1,3,40,19,0
3841,0,1,0,1,41,19,0
3842,0,0,1,4,42,19,0
3843,1,1,1,2,43,19,0
3844,0,0,1,2,44,19,0
3845,0,0,1,4,45,19,0
3846,1,1,1,2,46,19,0
3847,1,1,1,1,47,19,0
3848,1,1,1,2,48,19,0
3849,1,0,0,1,49,19,0
3850,1,1,1,4,50,19,0
3851,1,1,1,1,51,19,0
3852,1,1,1,2,52,19,0
3853,0,0,1,2,53,19,0
3854,0,0,1,4,54,19,0
3855,0,1,0,1,55,19,0
3856,0,1,0,3,56,19,0
3857,1,1,1,2,57,19,0
3858,0,0,1,2,58,19,0
3859,0,1,0,1,59,19,0
3860,1,0,0,1,60,19,0
3861,0,0,1,3,61,19,0
3862,1,1,1,1,62,19,0
3863,0,0,1,3,63,19,0
3864,0,0,1,1,64,19,0
3865,1,1,1,4,65,19,0
3866,0,0,1,1,66,19,0
3867,1,0,0,4,67,19,0
3868,0,0,1,2,68,19,0
3869,0,1,0,2,69,19,0
3870,1,1,1,1,70,19,0
3871,1,0,0,1,71,19,0
3872,0,0,1,1,72,19,0
3873,1,0,0,4,73,19,0
3874,1,1,1,4,74,19,0
3875,0,0,1,4,75,19,0
3876,1,1,1,1,76,19,0
3877,1,0,0,1,77,19,0
3878,0,0,1,2,78,19,0
3879,0,0,1,2,79,19,0
3880,1,0,0,1,80,19,0
3881,0,0,1,4,81,19,0
3882,1,1,1,1,82,19,0
3883,1,1,1,3,83,19,0
3884,0,1,0,2,84,19,0
3885,0,0,1,2,85,19,0
3886,0,1,0,3,86,19,0
3887,1,1,1,2,87,19,0
3888,1,0,0,1,88,19,0
3889,1,1,1,3,89,19,0
3890,1,1,1,2,90,19,0
3891,0,1,0,1,91,19,0
3892,0,0,1,3,92,19,0
3893,1,0,0,1,93,19,0
3894,0,0,1,1,94,19,0
3895,0,1,0,2,95,19,0
3896,0,1,0,2,96,19,0
3897,0,0,1,1,97,19,0
3898,1,1,1,1,98,19,0
3899,0,0,1,1,99,19,0
3900,0,0,1,1,0,19,1
3901,0,0,1,4,1,19,1
3902,1,0,0,1,2,19,1
3903,1,1,1,4,3,19,1
3904,0,0,1,3,4,19,1
3905,0,0,1,4,5,19,1
3906,0,0,1,1,6,19,1
3907,0,1,0,1,7,19,1
3908,0,0,1,3,8,19,1
3909,1,1,1,1,9,19,1
3910,0,0,1,3,10,19,1
3911,0,1,0,3,11,19,1
3912,1,0,0,1,12,19,1
3913,0,1,0,2,13,19,1
3914,0,0,1,4,14,19,1
3915,1,1,1,2,15,19,1
3916,0,0,1,2,16,19,1
3917,1,0,0,1,17,19,1
3918,1,1,1,1,18,19,1
3919,1,1,1,2,19,19,1
3920,0,0,1,3,20,19,1
3921,1,1,1,2,21,19,1
3922,1,1,1,4,22,19,1
3923,0,0,1,2,23,19,1
3924,0,0,1,1,24,19,1
3925,0,0,1,4,25,19,1
3926,1,1,1,3,26,19,1
3927,0,0,1,1,27,19,1
3928,0,0,1,3,28,19,1
3929,0,0,1,1,29,19,1
3930,0,1,0,1,30,19,1
3931,1,1,1,1,31,19,1
3932,1,1,1,4,32,19,1
3933,0,0,1,4,33,19,1
3934,1,1,1,3,34,19,1
3935,1,1,1,4,35,19,1
3936,0,0,1,1,36,19,1
3937,0,0,1,1,37,19,1
3938,1,1,1,1,38,19,1
3939,0,0,1,2,39,19,1
3940,0,0,1,1,40,19,1
3941,1,1,1,3,41,19,1
3942,1,1,1,2,42,19,1
3943,1,0,0,2,43,19,1
3944,0,1,0,1,44,19,1
3945,0,1,0,2,45,19,1
3946,1,1,1,1,46,19,1
3947,0,1,0,2,47,19,1
3948,0,1,0,2,48,19,1
3949,1,1,1,4,49,19,1
3950,0,0,1,3,50,19,1
3951,1,0,0,1,51,19,1
3952,0,0,1,1,52,19,1
3953,0,1,0,1,53,19,1
3954,1,1,1,4,54,19,1
3955,0,0,1,1,55,19,1
3956,1,1,1,4,56,19,1
3957,0,0,1,1,57,19,1
3958,1,1,1,4,58,19,1
3959,1,1,1,2,59,19,1
3960,1,1,1,2,60,19,1
3961,0,0,1,1,61,19,1
3962,1,0,0,2,62,19,1
3963,0,1,0,2,63,19,1
3964,0,0,1,2,64,19,1
3965,0,0,1,3,65,19,1
3966,1,1,1,1,66,19,1
3967,0,1,0,4,67,19,1
3968,0,0,1,3,68,19,1
3969,1,1,1,2,69,19,1
3970,0,1,0,1,70,19,1
3971,1,1,1,1,71,19,1
3972,1,1,1,4,72,19,1
3973,0,1,0,2,73,19,1
3974,1,0,0,4,74,19,1
3975,0,0,1,4,75,19,1
3976,1,1,1,1,76,19,1
3977,0,1,0,3,77,19,1
3978,1,1,1,4,78,19,1
3979,1,1,1,3,79,19,1
3980,1,1,1,3,80,19,1
3981,0,0,1,2,81,19,1
3982,1,0,0,4,82,19,1
3983,1,0,0,1,83,19,1
3984,0,0,1,2,84,19,1
3985,1,0,0,1,85,19,1
3986,0,1,0,4,86,19,1
3987,1,1,1,3,87,19,1
3988,1,1,1,3,88,19,1
3989,1,0,0,2,89,19,1
3990,1,1,1,3,90,19,1
3991,1,0,0,1,91,19,1
3992,1,1,1,3,92,19,1
3993,1,0,0,1,93,19,1
3994,0,0,1,3,94,19,1
3995,1,1,1,1,95,19,1
3996,1,1,1,1,96,19,1
3997,0,0,1,3,97,19,1
3998,0,0,1,1,98,19,1
3999,1,1,1,1,99,19,1
